Parameter Name: train_results
Parameter Value: 
{'epoch': [1, 2, 3, 4, 5, 6, 7, 8, 9, 10, 11, 12, 13, 14, 15, 16, 17, 18, 19, 20, 21, 22, 23, 24, 25, 26, 27, 28, 29, 30, 31, 32, 33, 34, 35, 36, 37, 38, 39, 40, 41, 42, 43, 44, 45, 46, 47, 48, 49, 50, 51, 52, 53, 54, 55, 56, 57, 58, 59, 60], 

'train/box_loss': [0.59627, 0.81941, 0.73563, 0.68551, 0.55754, 0.532, 0.46417, 0.4112, 0.55551, 0.48306, 0.52693, 0.36944, 0.54717, 0.51056, 0.48531, 0.84446, 0.43418, 0.49796, 0.41239, 0.51171, 0.5767, 0.51011, 0.45355, 0.46689, 0.39602, 0.54795, 0.5034, 0.42715, 0.40244, 0.57833, 0.52422, 0.46513, 0.6312, 0.40962, 0.71027, 0.43284, 0.52103, 0.37556, 0.44986, 0.41575, 0.47153, 0.38662, 0.52856, 0.46678, 0.39684, 0.37049, 0.40592, 0.47415, 0.49776, 0.3747, 0.32388, 0.28257, 0.29205, 0.30234, 0.21711, 0.2657, 0.27641, 0.31557, 0.22935, 0.22769], 

'train/cls_loss': [2.5224, 2.4406, 2.3596, 2.4901, 2.289, 2.2134, 1.9936, 1.862, 1.7144, 1.7452, 1.5906, 1.256, 1.2086, 1.1798, 1.1266, 1.0927, 1.0559, 0.83241, 0.86369, 0.8877, 0.93711, 0.94344, 0.75033, 0.76416, 0.79218, 0.89041, 0.93325, 1.0758, 0.78737, 0.89705, 0.77223, 0.6784, 0.93992, 0.83813, 0.86254, 0.79068, 0.83365, 0.78236, 0.70814, 0.69792, 0.7962, 0.66747, 0.72318, 0.77241, 0.75963, 0.71831, 0.70926, 0.83999, 0.76789, 0.67467, 0.77568, 0.76246, 0.79396, 0.82516, 0.73194, 0.76315, 0.79808, 0.86232, 0.72754, 0.68826], 

'train/dfl_loss': [1.2289, 1.2621, 1.1585, 1.137, 1.116, 1.053, 1.061, 1.0584, 1.1653, 1.1302, 1.0533, 0.98047, 1.0808, 1.1083, 1.0218, 1.3675, 0.9948, 1.0975, 0.99763, 1.026, 0.9933, 0.99363, 0.99777, 0.99817, 0.996, 1.1232, 1.106, 1.0365, 0.95001, 1.1446, 1.0241, 0.94911, 1.1918, 1.0275, 1.2398, 1.0133, 1.049, 0.98597, 1.0909, 0.92813, 1.0832, 0.94625, 1.0184, 0.97898, 0.98103, 0.9897, 0.99066, 1.0421, 1.013, 0.97184, 0.87278, 0.90964, 0.84317, 0.94037, 0.76832, 0.98108, 0.97644, 0.97346, 0.87549, 0.83819], 

'metrics/precision(B)': [0.00333, 0.00333, 0.00333, 0.00333, 0.00333, 0.00333, 0.00333, 0.00333, 0.00333, 0.00333, 0.00333, 0.00333, 0.00333, 0.00333, 0.00333, 0.00333, 0.00333, 0.00333, 0.00333, 0.00333, 0.00333, 0.00333, 0.00333, 0.00333, 0.46558, 0.46558, 0.7235, 0.7235, 0.85957, 0.85957, 0.9253, 0.9253, 0.94496, 0.94496, 0.94286, 0.94286, 0.95152, 0.95152, 0.94867, 0.94867, 0.93811, 0.93811, 0.92803, 0.92803, 0.93111, 0.93111, 0.93944, 0.93944, 0.94432, 0.94432, 0.95541, 0.95541, 0.95541, 0.95875, 0.95875, 0.95875, 0.96468, 0.96468, 0.96468, 0.9666], 

'metrics/recall(B)': [1, 1, 1, 1, 1, 1, 1, 1, 1, 1, 1, 1, 1, 1, 1, 1, 1, 1, 1, 1, 1, 1, 1, 1, 1, 1, 1, 1, 1, 1, 1, 1, 1, 1, 1, 1, 1, 1, 1, 1, 1, 1, 1, 1, 1, 1, 1, 1, 1, 1, 1, 1, 1, 1, 1, 1, 1, 1, 1, 1], 

'metrics/mAP50(B)': [0.995, 0.995, 0.995, 0.995, 0.995, 0.995, 0.995, 0.995, 0.995, 0.995, 0.995, 0.995, 0.995, 0.995, 0.995, 0.995, 0.995, 0.995, 0.995, 0.995, 0.995, 0.995, 0.995, 0.995, 0.995, 0.995, 0.995, 0.995, 0.995, 0.995, 0.995, 0.995, 0.995, 0.995, 0.995, 0.995, 0.995, 0.995, 0.995, 0.995, 0.995, 0.995, 0.995, 0.995, 0.995, 0.995, 0.995, 0.995, 0.995, 0.995, 0.995, 0.995, 0.995, 0.995, 0.995, 0.995, 0.995, 0.995, 0.995, 0.995],

'metrics/mAP50-95(B)': [0.8955, 0.8955, 0.8955, 0.8955, 0.8955, 0.8955, 0.995, 0.995, 0.995, 0.8955, 0.796, 0.796, 0.796, 0.6965, 0.6965, 0.6965, 0.59888, 0.59888, 0.66333, 0.66333, 0.796, 0.796, 0.8955, 0.8955, 0.64675, 0.64675, 0.6965, 0.6965, 0.796, 0.796, 0.995, 0.995, 0.995, 0.995, 0.8955, 0.8955, 0.8955, 0.8955, 0.8955, 0.8955, 0.8955, 0.8955, 0.8955, 0.8955, 0.8955, 0.8955, 0.8955, 0.8955, 0.8955, 0.8955, 0.8955, 0.8955, 0.8955, 0.8955, 0.8955, 0.8955, 0.8955, 0.8955, 0.8955, 0.995], 

'val/box_loss': [0.19235, 0.16217, 0.14265, 0.1573, 0.16874, 0.17688, 0.21222, 0.22206, 0.24308, 0.29361, 0.33658, 0.3674, 0.36813, 0.48725, 0.59032, 0.57818, 0.59551, 0.59551, 0.6625, 0.6625, 0.80688, 0.80688, 0.59376, 0.59376, 0.56719, 0.56719, 0.69781, 0.69781, 0.60288, 0.60288, 0.48533, 0.48533, 0.34134, 0.34134, 0.38662, 0.38662, 0.47351, 0.47351, 0.64557, 0.64557, 0.66426, 0.66426, 0.54968, 0.54968, 0.63941, 0.63941, 0.57225, 0.57225, 0.47219, 0.47219, 0.41738, 0.41738, 0.41738, 0.35795, 0.35795, 0.35795, 0.32791, 0.32791, 0.32791, 0.31969], 

'val/cls_loss': [3.058, 3.042, 3.0509, 3.0335, 3.0556, 3.0624, 3.054, 3.0059, 2.9956, 2.9274, 2.8939, 2.8352, 2.985, 3.0606, 3.0735, 3.1207, 3.0982, 3.0982, 3.0466, 3.0466, 2.9024, 2.9024, 2.845, 2.845, 2.8346, 2.8346, 2.5835, 2.5835, 2.2612, 2.2612, 1.9927, 1.9927, 1.823, 1.823, 1.5895, 1.5895, 1.5816, 1.5816, 1.8138, 1.8138, 1.8691, 1.8691, 1.8542, 1.8542, 1.8294, 1.8294, 1.7708, 1.7708, 1.8853, 1.8853, 1.7979, 1.7979, 1.7979, 1.7478, 1.7478, 1.7478, 1.6101, 1.6101, 1.6101, 1.5852], 

'val/dfl_loss': [1.088, 0.99119, 0.94606, 0.94718, 0.94629, 0.94782, 0.96821, 0.97586, 0.98736, 1.0008, 1.0183, 1.0676, 1.2701, 1.3459, 1.5184, 1.6679, 1.6521, 1.6521, 1.6752, 1.6752, 1.5764, 1.5764, 1.3882, 1.3882, 1.4979, 1.4979, 1.6227, 1.6227, 1.4228, 1.4228, 1.2428, 1.2428, 1.1018, 1.1018, 1.136, 1.136, 1.2304, 1.2304, 1.4345, 1.4345, 1.4728, 1.4728, 1.4393, 1.4393, 1.4828, 1.4828, 1.3568, 1.3568, 1.2611, 1.2611, 1.1442, 1.1442, 1.1442, 1.0442, 1.0442, 1.0442, 1.0213, 1.0213, 1.0213, 1.0105], 

'lr/pg0': [0.0, 1.967e-05, 3.868e-05, 5.703e-05, 7.472e-05, 9.175e-05, 0.00010812, 0.00012383, 0.00013888, 0.00015327, 0.000167, 0.00018007, 0.00019248, 0.00020423, 0.00021532, 0.00022575, 0.00023552, 0.00024463, 0.00025308, 0.00026087, 0.000268, 0.00027447, 0.00028028, 0.00028543, 0.00028992, 0.00029375, 0.00029692, 0.00029943, 0.00030128, 0.00030247, 0.000303, 0.00030287, 0.00030208, 0.00030063, 0.00029852, 0.00029575, 0.00029232, 0.00028823, 0.00028348, 0.00027807, 0.000272, 0.00026527, 0.00025788, 0.00024983, 0.00024112, 0.00023175, 0.00022172, 0.00021103, 0.00019968, 0.00018767, 0.000175, 0.00016167, 0.00014768, 0.00013303, 0.00011772, 0.00010175, 8.512e-05, 6.783e-05, 4.988e-05, 3.127e-05], 

'lr/pg1': [0.0, 1.967e-05, 3.868e-05, 5.703e-05, 7.472e-05, 9.175e-05, 0.00010812, 0.00012383, 0.00013888, 0.00015327, 0.000167, 0.00018007, 0.00019248, 0.00020423, 0.00021532, 0.00022575, 0.00023552, 0.00024463, 0.00025308, 0.00026087, 0.000268, 0.00027447, 0.00028028, 0.00028543, 0.00028992, 0.00029375, 0.00029692, 0.00029943, 0.00030128, 0.00030247, 0.000303, 0.00030287, 0.00030208, 0.00030063, 0.00029852, 0.00029575, 0.00029232, 0.00028823, 0.00028348, 0.00027807, 0.000272, 0.00026527, 0.00025788, 0.00024983, 0.00024112, 0.00023175, 0.00022172, 0.00021103, 0.00019968, 0.00018767, 0.000175, 0.00016167, 0.00014768, 0.00013303, 0.00011772, 0.00010175, 8.512e-05, 6.783e-05, 4.988e-05, 3.127e-05], 

'lr/pg2': [0.0, 1.967e-05, 3.868e-05, 5.703e-05, 7.472e-05, 9.175e-05, 0.00010812, 0.00012383, 0.00013888, 0.00015327, 0.000167, 0.00018007, 0.00019248, 0.00020423, 0.00021532, 0.00022575, 0.00023552, 0.00024463, 0.00025308, 0.00026087, 0.000268, 0.00027447, 0.00028028, 0.00028543, 0.00028992, 0.00029375, 0.00029692, 0.00029943, 0.00030128, 0.00030247, 0.000303, 0.00030287, 0.00030208, 0.00030063, 0.00029852, 0.00029575, 0.00029232, 0.00028823, 0.00028348, 0.00027807, 0.000272, 0.00026527, 0.00025788, 0.00024983, 0.00024112, 0.00023175, 0.00022172, 0.00021103, 0.00019968, 0.00018767, 0.000175, 0.00016167, 0.00014768, 0.00013303, 0.00011772, 0.00010175, 8.512e-05, 6.783e-05, 4.988e-05, 3.127e-05]}