0 0.10859375 0.19270833333333334 0.1171875 0.17291666666666666
0 0.221875 0.18958333333333333 0.10703125 0.15520833333333334
0 0.33125 0.18541666666666667 0.1078125 0.159375
0 0.440625 0.18020833333333333 0.10546875 0.15833333333333333
0 0.55 0.178125 0.11015625 0.1625
0 0.65703125 0.18645833333333334 0.10859375 0.153125
0 0.765625 0.17916666666666667 0.10625 0.1625
0 0.8765625 0.18645833333333334 0.115625 0.16458333333333333
0 0.87265625 0.34375 0.10859375 0.153125
0 0.76640625 0.3489583333333333 0.1078125 0.15625
0 0.65625 0.340625 0.1109375 0.16041666666666668
0 0.55 0.3458333333333333 0.10546875 0.14375
0 0.440625 0.34375 0.10625 0.15625
0 0.33359375 0.34375 0.10859375 0.16041666666666668
0 0.22734375 0.35520833333333335 0.11015625 0.16145833333333334
0 0.121875 0.35520833333333335 0.10703125 0.15520833333333334
0 0.1265625 0.5114583333333333 0.1140625 0.15729166666666666
0 0.2375 0.515625 0.10390625 0.14270833333333333
0 0.33671875 0.5052083333333334 0.11015625 0.15729166666666666
0 0.45 0.5041666666666667 0.103125 0.159375
0 0.55625 0.509375 0.10546875 0.1625
0 0.6640625 0.5083333333333333 0.10703125 0.15729166666666666
0 0.765625 0.5072916666666667 0.11015625 0.159375
0 0.875 0.509375 0.1125 0.159375
0 0.88828125 0.8197916666666667 0.115625 0.16666666666666666
0 0.77421875 0.8125 0.11171875 0.17291666666666666
0 0.659375 0.8197916666666667 0.11015625 0.16770833333333332
0 0.55234375 0.815625 0.10078125 0.15520833333333334
0 0.44921875 0.8083333333333333 0.10078125 0.15520833333333334
0 0.34609375 0.7979166666666667 0.10390625 0.16666666666666666
0 0.2390625 0.8072916666666666 0.11015625 0.16875
0 0.12890625 0.809375 0.1125 0.159375