Weights Information:
# weights ver.2

Model Path: ../best.pt
Model Generated Time:   24-06-04, 20:02

Layer: model.18.cv1.bn.running_var | Size: torch.Size([128])
tensor([0.0062, 0.0071, 0.0075, 0.0072, 0.0089, 0.0082, 0.0082, 0.0069, 0.0066, 0.0143, 0.0058, 0.0083, 0.0052, 0.0081, 0.0058, 0.0040, 0.0068, 0.0064, 0.0070, 0.0098, 0.0072, 0.0042, 0.0098, 0.0085, 0.0064, 0.0102, 0.0053, 0.0120, 0.0065, 0.0069, 0.0084, 0.0051, 0.0067, 0.0063, 0.0072, 0.0057, 0.0040, 0.0057, 0.0062,
        0.0128, 0.0060, 0.0092, 0.0054, 0.0063, 0.0057, 0.0090, 0.0056, 0.0057, 0.0074, 0.0058, 0.0077, 0.0108, 0.0060, 0.0093, 0.0135, 0.0085, 0.0341, 0.0110, 0.0069, 0.0109, 0.0066, 0.0056, 0.0100, 0.0049, 0.0308, 0.0432, 0.0069, 0.0242, 0.0283, 0.0223, 0.0223, 0.0263, 0.0190, 0.0101, 0.0128, 0.0538, 0.0166, 0.0216,
        0.0292, 0.0138, 0.0261, 0.0373, 0.0166, 0.0469, 0.0267, 0.0099, 0.0161, 0.0277, 0.0182, 0.0142, 0.0446, 0.0298, 0.0320, 0.0425, 0.0341, 0.0098, 0.0170, 0.0382, 0.0200, 0.0296, 0.0340, 0.0325, 0.0268, 0.0276, 0.0139, 0.0437, 0.0176, 0.0156, 0.0135, 0.0259, 0.0157, 0.0197, 0.0139, 0.0166, 0.0370, 0.0326, 0.0271,
        0.0294, 0.0158, 0.0126, 0.0190, 0.0492, 0.0334, 0.0150, 0.0495, 0.0484, 0.0244, 0.0525])
