Weights Information:
# weights ver.2

Model Path: ../best.pt
Model Generated Time:   24-06-04, 20:02

Layer: model.22.cv3.2.0.bn.bias | Size: torch.Size([64])
tensor([-1.3218e-03, -7.7915e-04,  4.3564e-03, -2.9163e-03,  3.8681e-03, -3.4733e-03, -2.3499e-03,  3.9062e-03, -2.0275e-03,  3.9673e-03, -2.2030e-03,  2.2755e-03, -2.8706e-03, -2.3556e-03, -3.0670e-03, -9.3269e-04,  3.6163e-03,  2.4090e-03,  3.6831e-03, -1.5726e-03,  2.5597e-03,  3.5763e-03, -5.7268e-04, -2.3746e-03,
        -2.9516e-04, -3.8776e-03,  1.0357e-03, -1.4801e-03,  4.1962e-03,  3.7022e-03, -2.5749e-03, -5.3740e-04,  4.6883e-03, -2.1133e-03, -3.3855e-03, -2.5311e-03, -2.2888e-03, -3.4618e-03,  1.2159e-03,  2.1172e-03, -3.1948e-03, -3.7708e-03, -1.5850e-03,  4.0245e-03,  2.9731e-04,  4.0970e-03, -1.8015e-03,  1.1272e-03,
         8.7166e-04,  2.7981e-03, -3.4237e-03,  9.3269e-04,  2.2335e-03,  3.6392e-03, -2.9163e-03,  3.3188e-03,  2.0564e-05,  3.6259e-03,  3.4504e-03, -3.1948e-03, -4.0359e-03,  2.8896e-03,  3.4370e-03,  1.9608e-03])
