Weights Information:
# weights ver.2

Model Path: ../best.pt
Model Generated Time:   24-06-04, 20:02

Layer: model.8.m.0.cv2.bn.bias | Size: torch.Size([128])
tensor([-1.3635e-01, -5.2295e-01, -5.4053e-01, -4.4922e-01, -5.7709e-02,  4.3115e-01, -8.0713e-01, -5.7373e-01, -5.4108e-02, -1.1211e+00, -1.1016e+00,  1.2725e+00,  6.9458e-02, -3.7964e-01, -2.3066e+00,  5.1422e-02, -1.0703e+00, -4.7046e-01, -9.4922e-01, -5.6055e-01, -4.6289e-01, -5.1807e-01, -3.4863e-01, -2.1326e-01,
         3.8843e-01,  2.6514e-01,  4.8608e-01,  4.6411e-01,  2.7979e-01, -2.1814e-01, -2.0044e-01, -4.3652e-01,  1.0312e+00,  4.2847e-01,  1.1926e-01, -6.5039e-01, -5.9814e-01,  4.0381e-01, -4.3115e-01, -4.6875e-01, -1.7419e-01,  1.5039e+00, -8.0957e-01,  8.4912e-01, -5.3564e-01,  1.9275e-01, -1.6514e+00, -1.7395e-01,
        -4.4214e-01, -8.2861e-01,  1.7346e-01, -1.0898e+00,  3.2544e-01, -2.1680e-01, -5.7959e-01,  4.1895e-01, -1.5244e+00, -9.2139e-01,  5.8868e-02,  2.7319e-01, -1.6084e+00,  1.5039e-01,  2.8488e-02, -5.1123e-01,  1.6138e-01, -1.0504e-01, -1.9226e-01, -3.7329e-01, -3.2520e-01, -5.9326e-01,  4.1602e-01,  2.3840e-01,
         1.4221e-01, -1.1738e+00,  7.6221e-01,  3.8623e-01,  7.1838e-02, -4.5850e-01, -9.9951e-01, -2.8271e-01, -4.6417e-02,  7.0459e-01, -1.5039e+00, -3.6255e-01, -8.5645e-01,  7.3682e-01, -3.1982e-01,  3.8135e-01, -2.9980e-01, -3.1982e-01, -6.3037e-01, -2.5269e-01, -5.9242e-03,  4.5013e-02,  2.2314e-01,  5.0195e-01,
        -2.7637e-01, -4.5557e-01,  3.0103e-01,  4.1260e-01,  1.0602e-01,  6.9531e-01, -4.1321e-02, -1.2024e-01, -1.5640e-02, -5.9326e-01,  4.7656e-01, -3.9038e-01, -1.1934e+00, -1.1420e-01, -1.4664e-02, -9.2468e-02,  4.5801e-01,  1.6638e-01,  1.0118e-03,  3.3618e-01, -5.6592e-01, -3.3936e-01, -2.2876e-01,  5.7422e-01,
         1.1450e-01, -5.0391e-01,  1.4294e-01, -2.4414e-01, -1.8201e-01,  3.3325e-02, -1.4824e+00, -1.0576e+00])
