Weights Information:
# weights ver.2

Model Path: ../best.pt
Model Generated Time:   24-06-04, 20:02

Layer: model.9.cv1.bn.bias | Size: torch.Size([128])
tensor([ 1.3047,  0.6113,  1.6934,  2.1680,  2.2070,  0.7485,  1.9053, -0.4668,  2.3770,  0.9609,  0.2147,  1.7305,  0.8110,  1.7520,  1.6963,  1.5684,  1.7812,  2.2754,  0.8091,  1.5713,  2.2129,  1.6865,  2.1914,  0.9424,  1.7109,  1.3271,  1.9160,  1.7266,  1.5303,  1.7861,  1.9824,  1.4980,  0.9541,  1.9570,
         0.8232,  0.8096,  0.8760,  1.4131,  1.7969,  1.3477,  2.2285,  0.1595,  1.2598,  1.8818,  1.6670,  1.8301,  2.0898,  1.1533,  1.0332,  1.7920,  1.5508,  1.5820,  1.8359,  2.1738, -0.5918, -0.3733,  2.0977,  1.0352,  1.6855,  1.2324,  2.2969, -0.3364,  0.4119,  1.8184,  2.1953,  1.8926,  1.2432,  1.3643,
         2.0918,  1.3164,  0.5747,  0.9761,  2.0273,  0.6538,  1.7930,  1.0244,  1.8838,  2.0684,  2.0098,  1.9834, -0.1851,  2.0781,  2.0371,  2.2812,  1.9033,  1.3154,  1.1934,  1.6201,  0.6411,  1.5957,  2.1484,  0.7441,  0.3975,  1.7754,  0.3970,  1.5420,  0.3276,  1.6045,  1.2285,  1.6143,  1.6699,  1.2705,
         1.0732,  1.8193,  1.6279, -0.1918,  1.5049,  0.8223,  2.0273,  1.8271,  0.2502,  1.4609,  1.9990,  1.3369,  1.2832,  1.6299,  1.0703,  1.4590,  1.6729,  2.1016,  1.4609,  1.0361,  2.0371,  1.6475,  1.5693,  1.9902,  2.3262,  1.9102])
