Weights Information:
# weights ver.2

Model Path: ../best.pt
Model Generated Time:   24-06-04, 20:02

Layer: model.8.cv2.bn.running_var | Size: torch.Size([256])
tensor([0.0780, 0.0845, 0.0917, 0.0720, 0.1770, 0.0616, 0.1259, 0.2191, 0.0628, 0.0847, 0.0902, 0.0928, 0.0858, 0.0557, 0.1073, 0.0706, 0.0634, 0.1398, 0.0817, 0.0877, 0.0723, 0.0834, 0.1245, 0.2190, 0.0711, 0.1820, 0.1552, 0.1082, 0.1069, 0.0785, 0.1362, 0.1017, 0.0833, 0.0681, 0.1110, 0.1025, 0.1199, 0.1127, 0.1888,
        0.0689, 0.1195, 0.0662, 0.0816, 0.1602, 0.3215, 0.0881, 0.1024, 0.1371, 0.0944, 0.0909, 0.0635, 0.1453, 0.1134, 0.1750, 0.0891, 0.0760, 0.0679, 0.0759, 0.1395, 0.0726, 0.0999, 0.0823, 0.1515, 0.0679, 0.0693, 0.0800, 0.1129, 0.0894, 0.0880, 0.1655, 0.1093, 0.1027, 0.0748, 0.0892, 0.0732, 0.1294, 0.1393, 0.1004,
        0.0912, 0.0812, 0.0707, 0.1185, 0.0795, 0.0941, 0.1053, 0.1254, 0.1233, 0.0916, 0.1235, 0.0820, 0.0773, 0.0942, 0.1288, 0.0855, 0.0876, 0.0747, 0.1005, 0.1892, 0.0891, 0.0878, 0.1304, 0.1002, 0.0762, 0.1111, 0.0682, 0.0619, 0.0915, 0.1276, 0.0978, 0.0881, 0.0569, 0.1008, 0.0776, 0.1049, 0.0847, 0.0916, 0.0783,
        0.0856, 0.3931, 0.1429, 0.1037, 0.0759, 0.1565, 0.0800, 0.1088, 0.0692, 0.0861, 0.0988, 0.0704, 0.0933, 0.0735, 0.0683, 0.1276, 0.0620, 0.0781, 0.0886, 0.0962, 0.0773, 0.0788, 0.0831, 0.0776, 0.1234, 0.1494, 0.0947, 0.1179, 0.0677, 0.0903, 0.0990, 0.0826, 0.0621, 0.0938, 0.1094, 0.1831, 0.0693, 0.0891, 0.0844,
        0.0879, 0.0770, 0.1702, 0.1149, 0.1073, 0.0953, 0.1016, 0.0792, 0.1046, 0.0869, 0.1036, 0.0897, 0.0854, 0.0620, 0.0970, 0.1029, 0.0695, 0.1552, 0.0873, 0.0698, 0.1194, 0.0786, 0.0778, 0.0660, 0.0909, 0.0818, 0.1132, 0.0845, 0.0955, 0.0569, 0.1055, 0.1406, 0.1505, 0.1526, 0.1399, 0.1063, 0.1537, 0.0831, 0.0818,
        0.0875, 0.0705, 0.1742, 0.0942, 0.0615, 0.1757, 0.1309, 0.1152, 0.1345, 0.0900, 0.0814, 0.1450, 0.1176, 0.0912, 0.0950, 0.1066, 0.0711, 0.0762, 0.0887, 0.0656, 0.1365, 0.2947, 0.1037, 0.0954, 0.0693, 0.0823, 0.1119, 0.0892, 0.4309, 0.1256, 0.0639, 0.0822, 0.1036, 0.1208, 0.0945, 0.0704, 0.1545, 0.0827, 0.0781,
        0.1451, 0.0907, 0.0583, 0.0687, 0.0777, 0.1492, 0.0959, 0.1541, 0.1312, 0.0677, 0.1115, 0.0806, 0.1285, 0.1770, 0.1094, 0.1075, 0.0877, 0.0606, 0.0645, 0.0866, 0.1254, 0.0695])
