Weights Information:
# weights ver.2

Model Path: ../best.pt
Model Generated Time:   24-06-04, 20:02

Layer: model.8.cv1.bn.running_var | Size: torch.Size([256])
tensor([0.0131, 0.0122, 0.0134, 0.0136, 0.0096, 0.0124, 0.0115, 0.0082, 0.0115, 0.0119, 0.0134, 0.0154, 0.0147, 0.0238, 0.0144, 0.0206, 0.0129, 0.0189, 0.0170, 0.0103, 0.0162, 0.0095, 0.0220, 0.0115, 0.0146, 0.0115, 0.0144, 0.0124, 0.0199, 0.0108, 0.0086, 0.0135, 0.0119, 0.0176, 0.0097, 0.0148, 0.0139, 0.0152, 0.0127,
        0.0141, 0.0151, 0.0199, 0.0190, 0.0115, 0.0114, 0.0128, 0.0141, 0.0122, 0.0133, 0.0115, 0.0170, 0.0158, 0.0117, 0.0115, 0.0169, 0.0136, 0.0164, 0.0145, 0.0143, 0.0172, 0.0124, 0.0138, 0.0116, 0.0176, 0.0187, 0.0096, 0.0154, 0.0220, 0.0267, 0.0140, 0.0134, 0.0121, 0.0147, 0.0094, 0.0202, 0.0125, 0.0127, 0.0121,
        0.0173, 0.0166, 0.0124, 0.0238, 0.0167, 0.0142, 0.0135, 0.0238, 0.0116, 0.0146, 0.0129, 0.0175, 0.0153, 0.0161, 0.0128, 0.0147, 0.0123, 0.0179, 0.0113, 0.0127, 0.0132, 0.0166, 0.0174, 0.0142, 0.0126, 0.0077, 0.0112, 0.0135, 0.0166, 0.0153, 0.0145, 0.0097, 0.0129, 0.0145, 0.0128, 0.0157, 0.0157, 0.0117, 0.0184,
        0.0131, 0.0095, 0.0096, 0.0082, 0.0096, 0.0133, 0.0135, 0.0153, 0.0124, 0.0105, 0.0120, 0.0375, 0.0305, 0.0357, 0.0222, 0.0350, 0.0302, 0.0249, 0.1035, 0.0329, 0.0245, 0.0278, 0.0278, 0.0212, 0.0203, 0.0379, 0.0167, 0.0261, 0.0698, 0.0321, 0.0205, 0.0282, 0.0327, 0.0347, 0.0250, 0.0195, 0.0230, 0.0221, 0.0280,
        0.0222, 0.0235, 0.0266, 0.0173, 0.0378, 0.0250, 0.0259, 0.0258, 0.0206, 0.0304, 0.0260, 0.0227, 0.0258, 0.0204, 0.0207, 0.0246, 0.0269, 0.0266, 0.0327, 0.0245, 0.0378, 0.0235, 0.0264, 0.0274, 0.0273, 0.0199, 0.0177, 0.0276, 0.0285, 0.0186, 0.0215, 0.0417, 0.0302, 0.0205, 0.0352, 0.0317, 0.0309, 0.0303, 0.0611,
        0.0364, 0.0309, 0.0230, 0.0323, 0.0305, 0.0195, 0.0197, 0.0292, 0.0252, 0.0370, 0.0366, 0.0353, 0.0211, 0.0228, 0.0299, 0.0168, 0.0186, 0.0247, 0.0305, 0.0303, 0.0215, 0.0381, 0.0399, 0.0236, 0.0211, 0.0208, 0.0206, 0.0206, 0.0242, 0.0232, 0.0331, 0.0434, 0.0275, 0.0298, 0.0399, 0.0310, 0.0401, 0.0336, 0.0157,
        0.0226, 0.0422, 0.0257, 0.0371, 0.0217, 0.0216, 0.0266, 0.0248, 0.0298, 0.0254, 0.0284, 0.0265, 0.0389, 0.0289, 0.0188, 0.0202, 0.0510, 0.0258, 0.0331, 0.0396, 0.0574, 0.0168])
