Weights Information:
# weights ver.2

Model Path: ../best.pt
Model Generated Time:   24-06-04, 20:02

Layer: model.8.m.0.cv1.bn.weight | Size: torch.Size([128])
tensor([1.3203, 0.8550, 1.1436, 1.1270, 0.9053, 1.2188, 1.0713, 0.9741, 1.1748, 1.2695, 1.0322, 1.0869, 1.1230, 1.1260, 0.9336, 0.8926, 1.2549, 1.0420, 1.2373, 1.0342, 1.3945, 1.0244, 0.6733, 1.0684, 1.1768, 0.8608, 1.1494, 1.1465, 1.2656, 0.9854, 1.1514, 0.9697, 1.2705, 0.8745, 0.6182, 1.3516, 0.9956, 1.1973, 1.0400,
        1.1836, 1.0977, 1.4795, 1.1221, 0.7251, 0.9180, 0.8325, 1.0029, 1.3506, 1.1738, 1.3574, 0.8525, 1.1523, 1.1572, 1.1611, 0.9438, 1.2432, 1.4453, 1.0859, 0.2939, 0.8174, 1.2031, 1.1836, 0.9604, 1.1885, 1.3105, 0.9370, 1.1387, 1.7100, 1.1914, 0.7515, 1.6045, 1.2500, 1.4473, 1.2061, 1.2988, 0.8774, 1.4619, 1.3457,
        0.9604, 0.8726, 1.0049, 1.0840, 1.1787, 1.0283, 1.0010, 0.9795, 1.3398, 1.3027, 1.2686, 1.2061, 0.9893, 1.4541, 1.3701, 1.4883, 1.2891, 0.9561, 1.1846, 1.0889, 1.3262, 0.8711, 1.3779, 1.1875, 1.1895, 0.9658, 1.0059, 1.2373, 1.0537, 1.0830, 1.1602, 1.0605, 1.1426, 1.3760, 1.0781, 1.1221, 1.1201, 1.2744, 1.1572,
        1.3467, 1.1973, 1.1787, 1.4482, 1.5449, 1.2627, 1.1914, 1.1748, 1.2207, 1.3115, 1.2529])
