Weights Information:
# weights ver.2

Model Path: ../best.pt
Model Generated Time:   24-06-04, 20:02

Layer: model.7.bn.weight | Size: torch.Size([256])
tensor([0.9365, 0.8394, 0.9771, 0.9609, 0.9448, 1.1250, 1.1973, 0.8799, 1.2803, 0.9673, 1.0361, 0.7500, 1.2549, 0.6255, 1.1094, 0.9253, 1.0254, 0.8164, 0.7930, 1.1641, 0.6172, 0.8213, 1.0166, 0.7510, 0.9272, 0.9937, 0.9141, 0.7637, 1.0898, 0.7529, 0.9219, 1.0889, 1.1816, 0.7490, 1.0156, 0.7949, 1.0322, 0.9624, 1.2949,
        0.9780, 1.1406, 0.8564, 0.7476, 0.8745, 0.8472, 0.9272, 0.7993, 1.0176, 1.0342, 0.8652, 1.1729, 1.0146, 0.8115, 0.8511, 0.8096, 0.9448, 0.9043, 0.7905, 0.8750, 0.6606, 0.9033, 1.2109, 1.0566, 1.0254, 1.2842, 0.6201, 0.8970, 0.7808, 0.8452, 1.0420, 0.8018, 1.2900, 0.8975, 0.8003, 0.9238, 0.8853, 1.2158, 1.0059,
        0.9048, 1.0918, 1.0020, 0.7827, 0.7241, 0.9121, 0.9150, 0.7891, 0.7798, 0.9336, 0.7778, 0.9653, 0.8159, 1.0469, 0.9526, 0.7734, 1.0332, 0.8491, 1.0488, 1.2041, 0.8906, 1.0127, 0.8828, 2.2285, 1.1484, 1.0889, 0.9810, 0.8735, 0.9233, 0.9717, 1.0488, 0.9409, 1.2930, 1.2119, 0.9927, 0.9985, 0.8159, 0.7334, 0.8667,
        1.1172, 0.6904, 0.9395, 0.7734, 0.7520, 0.8853, 1.0254, 0.7510, 0.9448, 1.0244, 0.8403, 0.8735, 0.7563, 0.8027, 1.1250, 0.8257, 1.0732, 1.0156, 0.9746, 0.8438, 0.6606, 0.9614, 1.0781, 1.3242, 1.0732, 0.9058, 1.2588, 1.3096, 0.7935, 0.8115, 1.0010, 1.0576, 0.5854, 1.1279, 0.8535, 1.0059, 0.9639, 1.0283, 1.0537,
        0.9810, 0.9282, 0.8643, 0.9048, 1.0049, 1.1426, 1.1064, 0.9614, 0.9790, 0.8232, 0.8350, 0.9116, 1.0625, 1.4678, 1.2178, 0.7930, 0.7891, 0.9570, 0.7998, 1.2607, 1.0273, 1.2959, 0.9053, 0.9224, 0.9526, 1.0752, 0.9932, 0.9736, 0.9717, 0.9028, 0.9355, 0.8945, 0.8247, 0.8872, 1.0947, 1.6279, 0.9521, 1.0283, 0.8623,
        1.0029, 1.1611, 0.9160, 0.7622, 1.2451, 0.9521, 1.1123, 0.5459, 1.0547, 1.1562, 1.0596, 0.8398, 0.9409, 0.8418, 1.2373, 1.1123, 0.6753, 1.4297, 0.9165, 1.1934, 0.7559, 0.7588, 0.9355, 1.1982, 0.9087, 0.8623, 1.0137, 1.0107, 1.8203, 0.9121, 0.5200, 1.4619, 0.8560, 0.8242, 1.0566, 0.8091, 1.0020, 0.9116, 0.7871,
        0.8149, 0.7705, 0.9087, 1.1436, 1.1777, 0.7915, 0.8750, 0.8223, 1.1787, 0.6284, 0.7837, 0.8696, 0.8955, 1.2998, 1.0088, 0.8306, 0.8896, 0.8633, 0.8726, 0.7925, 0.9023, 0.6777])
