Weights Information:
# weights ver.2

Model Path: ../best.pt
Model Generated Time:   24-06-04, 20:02

Layer: model.5.bn.running_mean | Size: torch.Size([128])
tensor([-0.0847,  0.0506, -0.0580, -0.2068, -0.0658, -0.0406,  0.2559,  0.0532, -0.1246, -0.2362, -0.1633,  0.1484,  0.1992, -0.3684, -0.0836, -0.0964,  0.1821, -0.1691,  0.0938,  0.2059,  0.2432,  0.1180, -0.3428,  0.0345,  0.1406, -0.2373,  0.0646, -0.0037, -0.1908, -0.1377, -0.3274, -0.2291,  0.1113,  0.1379,
         0.5059,  0.3823,  0.0443,  0.4485, -0.2418, -0.4929, -0.0436,  0.2666,  0.1225,  0.0450, -0.0027,  0.0175,  0.1687,  0.5649, -0.1145,  0.2837,  0.1384,  0.1738, -0.3469, -0.0238,  0.0152,  0.4036, -0.1234, -0.3296, -0.0590,  0.0349,  0.1050,  0.1278,  0.1976,  0.0912, -0.0651, -0.5757, -0.3127, -0.1486,
        -0.0128, -0.1272,  0.0586,  0.3354, -0.0342,  0.2715, -0.1292,  0.0201, -0.1440,  0.0719,  0.0189, -0.1315, -0.0660,  0.3979,  0.2080, -0.0180, -0.0286,  0.1008, -0.2045, -0.4429, -0.0545, -0.2477,  0.1285,  0.0845, -0.5034,  0.2673, -0.0467, -0.1910,  0.0985,  0.0537, -0.0443, -0.3752, -0.2595,  0.2534,
        -0.2822,  0.1384, -0.6099, -0.0287,  0.6196,  0.2839, -0.4177,  0.0354, -0.4482, -0.3193, -0.4653, -0.0859,  0.0620, -0.3086,  0.1182,  0.5605, -0.1122, -0.1155,  0.0457, -0.0757,  0.5142, -0.2321,  0.0088, -0.1785, -0.3687,  0.1351])
