Weights Information:
# weights ver.2

Model Path: ../best.pt
Model Generated Time:   24-06-04, 20:02

Layer: model.9.cv2.bn.running_var | Size: torch.Size([256])
tensor([0.1215, 0.0787, 0.1049, 0.0877, 0.0879, 0.0890, 0.1481, 0.0910, 0.0900, 0.0624, 0.0879, 0.1293, 0.0829, 0.1166, 0.0799, 0.1429, 0.0761, 0.1543, 0.1099, 0.1095, 0.0746, 0.1536, 0.1213, 0.0830, 0.1431, 0.1364, 0.1805, 0.0731, 0.0823, 0.0749, 0.1309, 0.1328, 0.0746, 0.0681, 0.1807, 0.1428, 0.1924, 0.0961, 0.2118,
        0.1348, 0.1242, 0.1201, 0.1034, 0.2673, 0.0734, 0.1288, 0.0591, 0.1268, 0.0954, 0.0674, 0.0981, 0.1027, 0.0826, 0.0986, 0.1237, 0.1399, 0.1261, 0.0892, 0.1257, 0.0780, 0.1205, 0.1692, 0.0928, 0.0702, 0.1103, 0.1633, 0.0654, 0.1418, 0.0954, 0.0844, 0.1039, 0.1453, 0.1422, 0.1017, 0.0652, 0.0699, 0.1025, 0.0811,
        0.0404, 0.2300, 0.1091, 0.0839, 0.0914, 0.1006, 0.1300, 0.0997, 0.1062, 0.0906, 0.1791, 0.1063, 0.1473, 0.0618, 0.0605, 0.0946, 0.1272, 0.0722, 0.1294, 0.1214, 0.0808, 0.1183, 0.1296, 0.1281, 0.1028, 0.0892, 0.0936, 0.1149, 0.0836, 0.1483, 0.1135, 0.1285, 0.1261, 0.1932, 0.0799, 0.1582, 0.1677, 0.1122, 0.1508,
        0.1097, 0.0789, 0.1838, 0.1327, 0.1083, 0.1487, 0.0765, 0.0963, 0.0969, 0.0933, 0.1476, 0.0728, 0.1240, 0.1246, 0.1316, 0.1454, 0.1304, 0.0874, 0.1129, 0.1375, 0.0512, 0.1194, 0.1583, 0.1221, 0.0939, 0.1475, 0.0800, 0.2024, 0.0980, 0.1361, 0.0787, 0.0865, 0.0894, 0.1049, 0.0479, 0.1373, 0.1002, 0.0682, 0.0824,
        0.1098, 0.0954, 0.1124, 0.1052, 0.1063, 0.0964, 0.0698, 0.0928, 0.1005, 0.1005, 0.1528, 0.0715, 0.1823, 0.1517, 0.1053, 0.0991, 0.1126, 0.1290, 0.0720, 0.1356, 0.1328, 0.1501, 0.0808, 0.1053, 0.0879, 0.1271, 0.1282, 0.1255, 0.0731, 0.0845, 0.1071, 0.1335, 0.1235, 0.0931, 0.1423, 0.1254, 0.1053, 0.1295, 0.1182,
        0.1017, 0.1370, 0.0786, 0.1190, 0.0866, 0.1871, 0.0785, 0.1227, 0.2404, 0.1062, 0.1185, 0.1715, 0.1044, 0.1033, 0.2340, 0.1053, 0.0799, 0.0631, 0.1321, 0.1201, 0.1153, 0.1473, 0.1030, 0.1669, 0.1185, 0.2311, 0.0966, 0.1509, 0.1035, 0.1053, 0.0830, 0.0981, 0.1393, 0.1486, 0.0782, 0.1436, 0.0983, 0.0950, 0.1267,
        0.0660, 0.1184, 0.0768, 0.1050, 0.0594, 0.2391, 0.0639, 0.0734, 0.1139, 0.0974, 0.1031, 0.0850, 0.1603, 0.0836, 0.3098, 0.0749, 0.0966, 0.0870, 0.0986, 0.1218, 0.1482, 0.1229])
