Weights Information:
# weights ver.2

Model Path: ../best.pt
Model Generated Time:   24-06-04, 20:02

Layer: model.19.bn.bias | Size: torch.Size([128])
tensor([-8.4717e-01, -1.6709e+00, -3.6938e-01, -9.5764e-02, -2.3596e-01, -2.0337e-01, -4.4385e-01, -1.9324e-01, -6.9458e-02, -8.3008e-01, -3.6279e-01, -7.5586e-01, -8.1738e-01, -7.2363e-01, -3.6499e-01, -2.6514e-01, -5.6055e-01, -7.6953e-01, -4.7705e-01, -3.4399e-01, -4.5581e-01, -7.9980e-01, -6.6260e-01, -5.0928e-01,
        -9.6729e-01, -1.4582e-03, -5.6787e-01, -5.2490e-01, -9.8450e-02, -3.0334e-02, -3.4619e-01, -6.5088e-01, -6.1377e-01, -2.4902e-01, -6.6553e-01, -8.7354e-01, -1.6284e-01, -5.3314e-02,  2.8467e-01, -2.1497e-01, -5.2930e-01, -9.0332e-01, -6.1914e-01, -4.6216e-01, -1.0986e+00, -1.6077e-01, -1.2725e+00, -6.5332e-01,
        -5.1758e-01, -3.7915e-01, -3.7524e-01, -1.3831e-01, -4.5825e-01, -2.6782e-01, -6.3770e-01, -7.9468e-02, -1.0752e+00, -4.4019e-01, -6.7383e-01, -4.9487e-01, -4.1528e-01, -1.2457e-01, -7.9297e-01, -9.5020e-01, -1.0850e+00, -1.0117e+00, -2.7734e-01, -1.0413e-01,  1.8478e-02, -3.4943e-02, -1.5283e-01, -5.9473e-01,
        -8.8965e-01, -4.0063e-01, -7.8760e-01, -2.0215e-01, -1.4062e-01, -5.8936e-01, -1.2617e+00, -6.3330e-01, -1.1055e+00, -5.4248e-01, -4.8682e-01, -6.1328e-01, -1.3000e-01, -3.5742e-01, -8.6670e-01,  2.7246e-01, -3.1113e-02, -8.4570e-01, -1.0889e+00, -6.9043e-01, -2.2583e-02, -2.3657e-01,  9.9243e-02, -4.8999e-01,
        -6.7969e-01, -9.5117e-01, -5.2295e-01, -1.1582e+00,  6.5369e-02, -3.3661e-02, -4.9219e-01, -5.2588e-01, -2.8223e-01, -1.0400e+00, -9.5020e-01, -6.6797e-01, -6.2683e-02, -1.3965e-01, -6.3818e-01, -4.1846e-01, -8.5876e-02, -6.4355e-01, -2.5903e-01, -8.9941e-01, -9.9805e-01, -9.0088e-01, -4.4531e-01, -1.1641e+00,
        -3.2520e-01, -7.2314e-01, -5.9326e-01, -1.0254e+00, -3.0566e-01, -4.9536e-01, -4.0649e-01,  2.4878e-01])
