Weights Information:
# weights ver.2

Model Path: ../best.pt
Model Generated Time:   24-06-04, 20:02

Layer: model.8.cv1.bn.weight | Size: torch.Size([256])
tensor([1.7744, 1.4443, 1.5928, 1.2881, 1.3232, 1.5088, 1.3555, 1.5645, 1.3359, 1.6006, 1.5547, 1.3193, 1.2832, 1.5996, 1.3623, 1.5469, 1.7676, 1.3643, 1.3555, 1.2852, 1.2061, 1.3447, 1.5410, 1.4336, 1.5811, 1.2520, 1.4482, 1.4297, 1.4238, 1.5146, 1.5664, 1.3496, 1.3154, 1.3457, 1.3428, 1.2764, 1.6426, 1.5947, 1.5703,
        1.4580, 1.2734, 1.2568, 1.4238, 1.3896, 1.5098, 1.5107, 1.2256, 1.3643, 1.3936, 1.3857, 1.5986, 1.3154, 1.2285, 1.2119, 1.5117, 1.4902, 1.4863, 1.5449, 1.3369, 1.5391, 1.5479, 1.2158, 1.4990, 1.4932, 1.4854, 1.4453, 1.4082, 1.4199, 1.8760, 1.3867, 1.4180, 1.6816, 1.4092, 1.2881, 1.4512, 1.3291, 1.4424, 1.3203,
        1.5400, 1.2881, 1.2803, 1.3975, 1.3311, 1.3750, 1.2676, 1.3691, 1.5371, 1.5723, 1.2393, 1.7012, 1.2686, 1.2549, 1.2266, 1.5918, 1.3447, 1.3486, 1.2402, 1.3594, 1.4531, 1.1738, 1.2900, 1.5186, 1.6797, 1.2988, 1.2539, 1.3086, 1.4922, 1.3223, 1.5400, 1.3906, 1.3457, 1.3252, 1.4785, 1.5078, 1.3447, 1.2080, 1.3877,
        1.3193, 1.5225, 1.3770, 1.4268, 1.2646, 1.5029, 1.2061, 1.3633, 1.3535, 1.4102, 1.3447, 0.8936, 1.0879, 1.3096, 0.6865, 0.9160, 0.5879, 0.4854, 0.6924, 0.6650, 1.0459, 0.8154, 0.9746, 1.0322, 0.9565, 0.6455, 0.7461, 0.9854, 0.7388, 1.0195, 0.5322, 1.0615, 1.1377, 0.7007, 1.0420, 0.9868, 0.9819, 0.9878, 0.4973,
        0.4688, 0.6807, 0.9307, 1.0566, 0.6709, 0.9858, 0.9829, 0.6660, 1.0000, 0.9141, 0.9541, 0.6143, 0.6807, 0.3103, 0.7559, 0.7090, 0.7158, 1.4043, 0.8135, 0.7539, 0.9160, 0.7070, 0.7471, 0.4570, 1.2021, 0.5088, 0.7192, 0.7495, 0.8589, 1.1494, 0.8179, 1.0400, 1.1689, 0.8047, 0.9419, 0.9268, 0.9160, 1.0576, 0.7930,
        0.6323, 0.6509, 0.8516, 1.0039, 0.6914, 1.0137, 0.9849, 0.7637, 0.9033, 0.6216, 1.0801, 0.7939, 1.1240, 0.6548, 0.8018, 0.7974, 0.6562, 1.0254, 0.5762, 0.8481, 0.9512, 0.7300, 0.7363, 1.1621, 0.9561, 0.7808, 1.0879, 0.8887, 0.9585, 0.7793, 1.0186, 1.0020, 0.6123, 0.8013, 0.7656, 1.0322, 1.1230, 1.1426, 1.0977,
        0.7402, 1.0078, 0.5928, 1.2529, 0.9370, 0.7451, 0.9624, 0.7651, 1.1064, 1.1787, 0.7231, 0.1934, 1.3838, 0.8799, 0.7642, 0.5273, 0.9990, 0.7349, 0.8413, 0.6748, 0.8970, 1.0430])
