Weights Information:
# weights ver.2

Model Path: ../best.pt
Model Generated Time:   24-06-04, 20:02

Layer: model.9.cv2.bn.weight | Size: torch.Size([256])
tensor([0.4155, 1.3086, 0.7593, 0.8354, 1.3594, 1.3262, 1.5449, 1.3086, 0.9922, 1.1084, 0.6343, 1.1309, 0.9639, 0.7222, 0.9624, 0.3843, 0.7793, 0.6123, 0.8164, 0.7109, 0.5190, 1.1572, 0.6797, 0.8687, 0.8003, 1.3047, 0.9287, 1.1113, 0.9771, 0.9146, 0.5742, 0.9429, 0.9341, 0.8691, 1.2549, 1.1973, 1.2236, 0.9580, 1.3330,
        0.7583, 0.6919, 0.8071, 1.0879, 0.6367, 1.0283, 1.4785, 1.0010, 0.9521, 0.4976, 1.0479, 0.9673, 0.9468, 1.0977, 0.6982, 0.6460, 0.7676, 0.7324, 1.0908, 0.7720, 1.0068, 0.9727, 0.8550, 0.9824, 1.1631, 0.9185, 0.6802, 0.9844, 1.2715, 1.1201, 1.3125, 0.5039, 0.5415, 0.7021, 1.3613, 1.1553, 1.0312, 1.1836, 0.7896,
        1.1729, 0.6475, 0.6646, 1.2451, 0.7295, 1.1729, 0.8623, 0.9736, 1.4941, 1.0830, 0.6245, 1.3281, 1.4209, 0.8340, 1.2842, 0.5898, 1.1445, 0.7676, 0.8716, 1.3018, 1.0576, 1.5400, 0.7598, 0.4207, 1.2070, 0.6270, 1.0635, 1.0020, 0.7539, 0.4138, 0.6299, 0.9814, 1.4277, 0.7988, 1.0527, 0.8804, 1.3516, 1.2646, 0.8809,
        1.1621, 0.7817, 0.6924, 0.8765, 1.1523, 1.5430, 1.0859, 0.5928, 0.8774, 1.0986, 0.5776, 0.3962, 0.8574, 0.7974, 1.0547, 1.1387, 0.7749, 1.2100, 0.7876, 0.6064, 1.2646, 0.7656, 0.6255, 1.0986, 1.5752, 0.7617, 1.0527, 0.4792, 0.9121, 0.6064, 1.0361, 1.0674, 1.2881, 0.7446, 1.2705, 1.1895, 1.1914, 0.8022, 1.0117,
        1.0166, 1.2520, 0.9785, 0.9683, 0.8428, 0.7856, 0.3213, 0.9346, 1.2559, 0.7456, 1.0234, 0.8154, 1.0342, 0.9209, 1.0283, 0.8384, 1.1123, 0.7651, 0.7935, 0.8184, 0.6382, 0.6987, 1.0586, 0.9028, 1.0488, 0.8750, 0.7388, 0.9712, 1.1357, 0.9004, 0.7466, 0.6626, 0.8389, 0.9092, 1.0000, 0.9150, 1.1123, 1.1250, 0.8052,
        0.7036, 1.1924, 1.1650, 0.6528, 1.2129, 1.1279, 0.9224, 1.1826, 1.3652, 1.4619, 0.6724, 0.7603, 0.8877, 0.8667, 0.6416, 0.8521, 1.0840, 0.8530, 1.1162, 0.7212, 0.7690, 1.1309, 1.1338, 1.4316, 0.8687, 1.4346, 0.8154, 0.6030, 1.0742, 1.1650, 0.8301, 0.5942, 0.5347, 0.8506, 1.0703, 1.1455, 0.8433, 0.5996, 0.6357,
        1.0283, 0.4436, 0.9644, 0.9492, 0.9497, 0.8384, 1.0449, 0.8359, 1.2754, 1.0596, 0.9346, 0.9941, 0.5366, 1.0273, 0.6953, 0.9028, 0.7061, 0.9316, 0.7319, 1.2002, 0.6699, 1.3994])
