Weights Information:
# weights ver.2

Model Path: ../best.pt
Model Generated Time:   24-06-04, 20:02

Layer: model.6.cv2.bn.bias | Size: torch.Size([128])
tensor([ 1.0410e+00,  2.7451e-02,  7.5098e-01, -1.6357e+00, -1.3975e+00,  5.9766e-01, -1.7578e+00,  4.7882e-02, -1.1621e+00,  1.3928e-01, -6.0840e-01, -1.5801e+00, -1.8005e-01, -4.3311e-01, -9.1064e-01, -1.5986e+00, -1.7451e+00, -1.1045e+00, -1.0703e+00,  8.0566e-03, -1.2676e+00, -4.0234e-01,  1.3281e-01, -3.3350e-01,
         1.0938e+00,  4.7192e-01, -1.4912e+00,  6.0303e-02, -4.8560e-01, -8.8477e-01, -1.2734e+00, -4.9707e-01, -4.8438e-01, -1.6436e+00, -1.0967e+00, -1.8579e-01, -1.2793e-01, -3.5059e-01,  6.8018e-01,  2.6758e-01, -1.4746e+00, -1.0938e+00,  3.8672e-01, -6.4111e-01,  1.7920e-01, -4.5093e-01, -7.0947e-01, -1.0107e+00,
        -2.0977e+00,  7.6721e-02, -7.2803e-01, -2.3125e+00, -7.8735e-02, -1.0459e+00, -1.1943e+00, -1.2285e+00, -1.0449e+00, -6.0059e-01, -1.2568e+00, -4.3677e-01, -9.8975e-01, -9.5654e-01, -2.4695e-01, -1.0029e+00, -1.9375e+00,  2.3962e-01, -1.6528e-01, -5.8105e-01, -1.0684e+00, -1.1846e+00,  3.6523e-01, -1.0732e+00,
        -6.7041e-01,  8.6084e-01, -1.0908e+00, -4.8779e-01, -1.3892e-01, -1.5166e+00, -1.6729e+00, -3.4863e-01,  1.4014e-01, -8.2959e-01,  2.1399e-01, -3.0664e-01,  1.0483e-02, -1.3525e+00, -1.7383e+00, -1.7891e+00, -1.3457e+00, -5.0690e-02,  3.3447e-01, -5.8203e-01,  3.2275e-01,  5.8350e-01, -1.4639e+00, -5.6885e-01,
        -1.5698e-01, -1.0223e-01, -2.9492e-01,  6.9482e-01, -9.5703e-02, -7.5830e-01, -4.6387e-01, -1.1689e+00, -9.8877e-02,  4.4580e-01, -8.6768e-01, -1.0430e+00, -1.9141e-01, -1.0488e+00,  3.7012e-01,  4.5532e-01, -1.1826e+00, -1.5000e+00, -1.2695e+00, -1.9902e+00,  6.4880e-02, -2.1324e-03, -3.9209e-01,  2.1509e-01,
        -2.3613e+00, -2.5171e-01, -1.1006e+00, -5.6006e-01, -7.3096e-01, -2.1216e-01,  3.2520e-01, -7.6416e-01])
