Weights Information:
# weights ver.2

Model Path: ../best.pt
Model Generated Time:   24-06-04, 20:02

Layer: model.8.m.0.cv2.bn.running_var | Size: torch.Size([128])
tensor([0.1060, 0.0845, 0.0428, 0.0663, 0.0589, 0.0803, 0.0521, 0.1476, 0.0717, 0.0427, 0.0827, 0.0594, 0.0892, 0.0589, 0.0886, 0.2177, 0.0676, 0.0606, 0.0762, 0.0593, 0.0723, 0.0527, 0.0593, 0.0470, 0.0633, 0.0837, 0.0760, 0.0637, 0.0485, 0.0606, 0.0546, 0.1960, 0.0795, 0.0901, 0.0748, 0.0703, 0.0681, 0.0648, 0.0600,
        0.0616, 0.0853, 0.1333, 0.0598, 0.1395, 0.0450, 0.0584, 0.0316, 0.1543, 0.0515, 0.0621, 0.0956, 0.0701, 0.1442, 0.0570, 0.1788, 0.0577, 0.1188, 0.0701, 0.0732, 0.0735, 0.1234, 0.0606, 0.1142, 0.0548, 0.0832, 0.0692, 0.0515, 0.1431, 0.0655, 0.0634, 0.1018, 0.0661, 0.0727, 0.0591, 0.0984, 0.1248, 0.0735, 0.0586,
        0.0544, 0.0637, 0.1049, 0.1025, 0.0836, 0.0790, 0.0637, 0.0801, 0.0844, 0.0737, 0.0553, 0.0546, 0.0670, 0.0591, 0.0826, 0.0758, 0.0623, 0.1138, 0.1179, 0.0850, 0.0712, 0.0538, 0.0790, 0.0677, 0.0668, 0.1790, 0.0636, 0.0593, 0.0798, 0.0944, 0.1362, 0.0864, 0.0928, 0.0756, 0.0635, 0.0556, 0.0545, 0.0781, 0.0626,
        0.0616, 0.0515, 0.0786, 0.0607, 0.0625, 0.1104, 0.0508, 0.0481, 0.0856, 0.0336, 0.0629])
