Weights Information:
# weights ver.2

Model Path: ../best.pt
Model Generated Time:   24-06-04, 20:02

Layer: model.18.cv2.bn.running_var | Size: torch.Size([128])
tensor([0.0260, 0.0218, 0.0635, 0.0128, 0.0258, 0.0474, 0.0187, 0.0383, 0.0215, 0.0641, 0.0681, 0.0719, 0.0160, 0.0487, 0.0250, 0.0912, 0.0415, 0.0231, 0.0450, 0.0226, 0.0119, 0.0275, 0.0247, 0.0167, 0.0197, 0.0241, 0.0219, 0.0221, 0.0184, 0.0195, 0.0305, 0.0645, 0.0218, 0.0301, 0.0150, 0.0285, 0.0356, 0.0471, 0.0383,
        0.0279, 0.0279, 0.0372, 0.0269, 0.0163, 0.0195, 0.0286, 0.0462, 0.0194, 0.0401, 0.0475, 0.0390, 0.0225, 0.0457, 0.0197, 0.0285, 0.0186, 0.0355, 0.0652, 0.0424, 0.0203, 0.0674, 0.0285, 0.0127, 0.0232, 0.0207, 0.0376, 0.0252, 0.0368, 0.0136, 0.0226, 0.0311, 0.0284, 0.0234, 0.0154, 0.0147, 0.0208, 0.0200, 0.0213,
        0.0163, 0.0488, 0.0135, 0.0132, 0.0154, 0.0324, 0.0177, 0.0195, 0.0307, 0.0245, 0.0299, 0.0203, 0.0466, 0.0357, 0.0492, 0.0231, 0.0293, 0.0184, 0.0663, 0.0342, 0.0372, 0.0604, 0.0516, 0.0193, 0.0193, 0.0428, 0.0381, 0.0247, 0.0203, 0.0360, 0.0404, 0.0173, 0.0409, 0.0165, 0.0369, 0.0213, 0.0930, 0.0272, 0.0168,
        0.0139, 0.0180, 0.0307, 0.0203, 0.0200, 0.0153, 0.0142, 0.0207, 0.0365, 0.0243, 0.0196])
