Weights Information:
# weights ver.2

Model Path: ../best.pt
Model Generated Time:   24-06-04, 20:02

Layer: model.1.conv.weight | Size: torch.Size([32, 16, 3, 3])
tensor([[[[-1.3054e-02, -5.3650e-02, -1.1420e-01],
          [ 1.4908e-02,  1.6205e-02,  1.5063e-01],
          [ 7.8201e-03,  1.0742e-02, -3.7354e-02]],

         [[-3.6926e-02, -2.5520e-03,  7.7881e-02],
          [ 6.2195e-02,  2.6901e-02, -5.8594e-02],
          [-2.9953e-02, -2.5299e-02, -1.5884e-02]],

         [[ 2.3148e-02,  2.0935e-02, -1.7807e-02],
          [-4.5319e-02, -5.5542e-02,  5.7869e-03],
          [ 1.2466e-02,  3.2104e-02,  4.9858e-03]],

         [[-5.3406e-02,  1.6449e-02,  6.7810e-02],
          [ 3.7384e-02,  7.6050e-02, -1.8811e-01],
          [-2.4658e-02, -4.3182e-02,  3.1738e-02]],

         [[-1.5594e-02, -9.1125e-02,  8.3618e-02],
          [ 1.7090e-02,  5.3467e-02, -1.0852e-01],
          [-2.0859e-02,  3.0838e-02,  2.4658e-02]],

         [[ 7.5073e-03, -1.4229e-02, -6.2103e-03],
          [ 1.2932e-03, -2.2308e-02,  9.0637e-03],
          [-1.2388e-03,  2.0309e-02,  1.1009e-02]],

         [[-5.9052e-03,  3.0853e-02,  1.9791e-02],
          [ 1.0834e-02, -1.1902e-01,  1.2939e-01],
          [ 1.5945e-02,  4.8004e-02, -1.0394e-01]],

         [[-9.6054e-03, -5.3223e-02, -1.4870e-02],
          [ 3.0991e-02,  6.2988e-02,  3.7170e-02],
          [ 2.6627e-03, -1.4275e-02, -3.1036e-02]],

         [[ 3.6224e-02, -1.2459e-02, -1.0730e-01],
          [-7.2205e-02, -1.1768e-01,  1.6382e-01],
          [ 2.4719e-02,  5.6915e-02, -2.6291e-02]],

         [[-1.4259e-02,  3.1490e-03, -5.7335e-03],
          [ 3.0470e-04,  4.1485e-04, -4.4937e-03],
          [ 9.0256e-03,  4.2229e-03,  2.2354e-03]],

         [[-7.3120e-02, -7.3486e-02,  2.4506e-02],
          [ 7.5684e-02,  1.4111e-01,  1.6403e-02],
          [-1.5442e-02, -5.9998e-02, -5.0201e-02]],

         [[ 1.9806e-02, -1.2891e-01, -3.6163e-02],
          [ 7.7934e-03,  2.5220e-01,  1.0272e-01],
          [-2.3712e-02, -1.0413e-01, -4.5990e-02]],

         [[-2.7267e-02,  5.7831e-02,  2.3941e-02],
          [ 4.9896e-02, -9.7534e-02,  9.4833e-03],
          [ 1.8036e-02,  6.4819e-02,  2.1286e-03]],

         [[ 1.0986e-02,  4.5563e-02,  1.0199e-01],
          [ 1.1909e-02, -1.1101e-02, -1.3867e-01],
          [-8.2169e-03, -2.4933e-02,  2.6550e-02]],

         [[-1.7700e-02,  5.3894e-02,  2.1362e-02],
          [-6.7673e-03, -1.0986e-02, -2.2018e-02],
          [ 2.5043e-03, -8.1787e-03, -3.1982e-02]],

         [[ 8.4839e-03,  1.9562e-02, -3.0731e-02],
          [-2.5883e-03, -2.6260e-02, -3.1686e-04],
          [ 1.0538e-03,  1.0406e-02,  2.3026e-02]]],


        [[[ 3.7842e-02,  7.7698e-02,  2.9190e-02],
          [ 1.5991e-01, -8.7585e-03, -5.8563e-02],
          [-1.0547e-01, -1.0028e-01, -2.1576e-02]],

         [[ 1.2476e-01, -4.2786e-02, -6.4758e-02],
          [-2.4918e-02, -9.7290e-02,  9.4986e-03],
          [-4.9164e-02,  6.4880e-02,  5.9235e-02]],

         [[-4.5715e-02,  6.3438e-03,  2.9404e-02],
          [-1.7853e-02,  5.7343e-02,  6.5660e-04],
          [ 4.1565e-02, -2.9770e-02, -5.2429e-02]],

         [[ 5.9090e-03, -8.8120e-03, -1.4259e-02],
          [-1.3684e-01,  5.2002e-02, -4.1504e-03],
          [ 3.1860e-02,  1.3953e-01, -4.0527e-02]],

         [[ 6.6772e-02, -1.3397e-02,  3.1708e-02],
          [ 9.3689e-02, -5.9174e-02, -7.5500e-02],
          [-1.7810e-01,  1.3501e-01,  1.9592e-02]],

         [[-2.2842e-02,  8.3313e-03,  1.6357e-02],
          [-3.0472e-02,  2.6596e-02,  1.0193e-02],
          [ 2.1530e-02,  6.6681e-03, -4.0649e-02]],

         [[-2.6093e-03, -2.7344e-02, -3.1006e-02],
          [ 1.2527e-02, -4.2328e-02,  3.7903e-02],
          [ 3.0975e-02, -3.4485e-02,  2.8030e-02]],

         [[ 9.0332e-02,  2.2934e-02, -1.0193e-02],
          [ 4.3213e-02, -7.7087e-02, -3.3905e-02],
          [-1.1560e-01,  7.9269e-03,  9.9365e-02]],

         [[ 1.9287e-02,  1.0651e-02,  1.8768e-02],
          [ 1.2299e-01, -2.1210e-02, -4.1351e-02],
          [-1.9531e-02, -1.8298e-01,  4.8889e-02]],

         [[-1.4587e-02,  1.0468e-02,  9.4604e-03],
          [-1.7456e-02,  5.8270e-04,  1.3870e-02],
          [ 2.5253e-02,  6.7406e-03, -4.0924e-02]],

         [[ 5.4596e-02, -7.3004e-04,  4.6730e-03],
          [-3.1948e-03, -5.0446e-02, -1.5732e-02],
          [-8.4229e-02,  5.7312e-02,  4.8950e-02]],

         [[-3.1109e-03, -2.2751e-02,  2.5925e-02],
          [ 8.9172e-02, -6.6345e-02, -5.3040e-02],
          [-1.3049e-01,  6.2469e-02,  6.9946e-02]],

         [[ 3.2177e-03,  2.2411e-03, -1.5656e-02],
          [-7.8735e-02,  3.9581e-02,  3.9856e-02],
          [ 3.0777e-02, -5.1483e-02,  1.3170e-03]],

         [[ 2.1935e-03, -4.7424e-02, -3.6194e-02],
          [-1.1694e-01, -3.3447e-02,  2.7252e-02],
          [ 7.6233e-02,  1.1865e-01,  5.6122e-02]],

         [[-3.5248e-02, -4.2816e-02, -1.4610e-02],
          [-9.2896e-02, -3.9642e-02,  2.3056e-02],
          [ 6.1607e-04,  6.3782e-02,  7.1350e-02]],

         [[-7.7705e-03,  1.5533e-02,  5.3940e-03],
          [-7.1335e-03,  3.2776e-02, -8.8577e-03],
          [-1.1513e-02,  4.2939e-04, -1.4923e-02]]],


        [[[-6.3896e-03, -2.7800e-04, -6.6757e-03],
          [-1.1024e-02, -7.4806e-03, -1.3290e-02],
          [ 1.6190e-02,  1.5579e-02, -1.2789e-03]],

         [[ 5.8670e-03,  2.6154e-02, -1.8448e-02],
          [-6.5651e-03,  2.3026e-02, -3.5553e-02],
          [ 1.2032e-02,  6.4850e-03, -1.8402e-02]],

         [[ 1.3062e-01,  1.6661e-03, -1.4880e-01],
          [ 3.5327e-01,  2.5665e-02, -3.8428e-01],
          [ 1.1255e-01,  7.1655e-02, -1.6138e-01]],

         [[ 1.0216e-02, -2.6493e-03,  3.1567e-03],
          [ 2.3403e-03,  3.3016e-03, -2.0752e-03],
          [ 4.1924e-03, -7.9823e-04,  9.7179e-04]],

         [[ 9.4748e-04, -6.9389e-03, -3.1567e-03],
          [ 3.3512e-03, -6.3400e-03, -1.9388e-03],
          [ 6.9733e-03, -6.8359e-03,  3.6221e-03]],

         [[-1.9592e-01,  1.2100e-02,  1.3770e-01],
          [-4.6899e-01, -2.8305e-02,  5.3760e-01],
          [-2.4365e-01, -3.0319e-02,  2.4097e-01]],

         [[ 8.1406e-03,  9.8648e-03, -5.3215e-03],
          [-3.2024e-03,  4.1542e-03, -8.8806e-03],
          [-7.6866e-03, -2.6436e-03, -1.0735e-02]],

         [[ 1.2960e-03, -2.8061e-02,  1.8112e-02],
          [ 1.2779e-02, -2.5848e-02,  4.6310e-03],
          [ 2.5360e-02, -1.8356e-02, -3.1910e-03]],

         [[ 1.0071e-02, -8.6899e-03,  9.1705e-03],
          [ 9.8267e-03, -3.9024e-03,  3.4218e-03],
          [ 1.9646e-03, -6.8207e-03,  5.6915e-03]],

         [[ 5.9357e-02, -8.6365e-03, -7.7698e-02],
          [ 7.0496e-03,  2.1835e-02, -7.0374e-02],
          [-2.9190e-02,  2.0050e-02, -2.8362e-03]],

         [[-4.0222e-02,  1.3687e-02,  5.3619e-02],
          [-8.3679e-02,  1.8433e-02,  4.3762e-02],
          [-5.0690e-02,  8.9417e-03,  3.3691e-02]],

         [[ 2.8439e-03, -2.2202e-03, -2.0206e-04],
          [ 3.9673e-03,  5.3978e-03,  2.4376e-03],
          [ 5.8212e-03,  5.2452e-03,  2.3422e-03]],

         [[ 5.7907e-03,  1.1806e-03,  5.4932e-03],
          [ 1.1734e-02,  1.8940e-03,  8.3466e-03],
          [ 6.5117e-03, -9.2506e-04,  6.2714e-03]],

         [[-7.9803e-03,  1.9836e-03, -6.1607e-03],
          [-2.6672e-02, -1.6937e-02, -2.3987e-02],
          [-2.2335e-03,  1.6489e-03,  6.8359e-03]],

         [[-4.7821e-02, -6.1378e-03,  4.5349e-02],
          [-5.8716e-02, -2.9190e-02,  5.1056e-02],
          [ 2.3689e-03,  1.4229e-02,  2.8336e-02]],

         [[ 4.5258e-02,  1.5656e-02, -4.3182e-02],
          [-3.6835e-02, -3.1738e-03, -1.2451e-02],
          [-1.7914e-02,  2.5787e-03,  1.7853e-02]]],


        [[[ 8.0688e-02, -4.9103e-02,  9.4757e-03],
          [ 2.0337e-01, -2.6367e-01,  7.7393e-02],
          [ 7.5745e-02, -7.5928e-02,  3.7781e-02]],

         [[ 9.2087e-03, -5.8929e-02,  4.7821e-02],
          [-1.1230e-04, -4.8798e-02,  4.6722e-02],
          [ 1.0548e-03, -3.1677e-02,  1.7349e-02]],

         [[-2.3468e-02,  3.6133e-02,  2.0778e-04],
          [-7.6256e-03,  1.5396e-02, -3.1738e-02],
          [-3.5648e-03,  2.0508e-02, -1.6708e-02]],

         [[ 9.6436e-03, -6.8426e-04, -7.7324e-03],
          [-2.1484e-02,  3.0731e-02, -1.9119e-02],
          [-3.5370e-02,  4.9019e-03,  1.5175e-02]],

         [[ 5.0171e-02, -5.0201e-02, -3.0365e-02],
          [ 1.0474e-01,  4.0619e-02, -1.6467e-01],
          [ 3.6987e-02,  9.7534e-02, -8.3313e-02]],

         [[-1.3954e-02,  3.6194e-02, -1.1024e-02],
          [-2.0279e-02,  1.9073e-02, -2.4826e-02],
          [-1.3947e-02,  2.9388e-02, -5.1270e-03]],

         [[ 5.6763e-03,  2.8961e-02, -1.3733e-03],
          [ 6.7627e-02, -8.7219e-02, -1.2497e-02],
          [ 6.3049e-02, -9.2651e-02, -3.1052e-02]],

         [[ 1.1200e-02, -6.0211e-02,  3.4149e-02],
          [ 1.8021e-02, -6.2012e-02,  5.4749e-02],
          [ 9.3307e-03, -4.1656e-02,  5.7861e-02]],

         [[-2.3010e-02, -8.8272e-03,  1.2505e-02],
          [ 2.1988e-02, -5.6061e-02,  3.2043e-02],
          [ 4.0253e-02, -1.2749e-02, -1.3680e-02]],

         [[-1.6647e-02,  2.6047e-02,  6.3972e-03],
          [-2.5543e-02,  2.5986e-02, -2.4719e-03],
          [-2.4597e-02,  2.2324e-02, -7.0801e-03]],

         [[-5.3619e-02,  5.6244e-02, -7.5836e-03],
          [-6.5979e-02,  9.7290e-02, -2.5543e-02],
          [-6.7932e-02,  9.9609e-02, -3.3234e-02]],

         [[ 3.0460e-03,  3.6316e-03,  3.7079e-03],
          [ 4.1962e-02, -3.3112e-02, -4.5633e-04],
          [ 1.5503e-02,  9.8419e-03, -1.9241e-02]],

         [[-7.0534e-03, -1.7029e-02,  3.7060e-03],
          [-2.2873e-02,  2.9083e-02, -4.6616e-03],
          [-1.9550e-03, -5.9662e-03,  1.7670e-02]],

         [[-5.9021e-02,  9.4360e-02,  2.5131e-02],
          [-1.7480e-01,  2.6514e-01, -5.8990e-02],
          [-5.9265e-02,  7.3914e-02, -3.8757e-02]],

         [[-2.2491e-02,  3.2745e-02,  2.7145e-02],
          [-4.6570e-02, -4.4060e-03,  4.7516e-02],
          [-1.0004e-01,  4.2664e-02, -1.5045e-02]],

         [[-1.8265e-02,  2.9602e-02, -6.2790e-03],
          [-1.8173e-02,  1.4885e-02, -1.8539e-02],
          [-1.2177e-02,  8.6746e-03,  5.9395e-03]]],


        [[[ 4.1962e-02, -7.2998e-02,  2.7618e-02],
          [-6.1096e-02,  2.0203e-01, -8.0872e-02],
          [-2.0981e-02, -6.7261e-02,  7.4036e-02]],

         [[ 5.0323e-02, -7.8064e-02,  3.4637e-02],
          [ 3.1830e-02,  5.0934e-02, -6.6711e-02],
          [-1.0626e-01,  6.3049e-02,  8.3847e-03]],

         [[ 1.2474e-02,  1.2016e-02, -1.9531e-02],
          [-4.0039e-02,  9.4299e-03,  2.5131e-02],
          [ 3.0365e-02, -5.9052e-02,  1.7258e-02]],

         [[ 2.2049e-02, -4.5074e-02,  2.0996e-02],
          [-4.7974e-02,  1.4648e-01, -8.3191e-02],
          [-1.0565e-01,  4.1504e-02,  5.3802e-02]],

         [[ 3.4515e-02, -8.0872e-02,  2.7634e-02],
          [-1.1971e-02, -5.4264e-04,  1.0239e-02],
          [-1.6037e-02,  7.1167e-02, -3.0380e-02]],

         [[ 1.7700e-02, -1.4977e-02,  1.1959e-03],
          [-1.9970e-03,  2.0046e-03,  1.0048e-02],
          [ 2.0065e-02, -4.1626e-02,  1.0849e-02]],

         [[ 3.9124e-02, -6.0768e-03, -1.4603e-02],
          [ 2.6581e-02, -9.8022e-02,  6.7383e-02],
          [-1.5955e-01,  2.2107e-01, -7.3486e-02]],

         [[ 4.3335e-02, -7.5867e-02,  4.0710e-02],
          [ 7.3486e-02, -2.6108e-02, -2.8397e-02],
          [-2.6108e-02,  4.6600e-02, -3.8055e-02]],

         [[-1.9119e-02,  3.3142e-02, -1.7242e-02],
          [ 5.8197e-02, -1.7761e-01,  8.7646e-02],
          [ 7.8247e-02, -3.8662e-03, -7.6538e-02]],

         [[-5.3072e-04, -1.3870e-02,  1.7975e-02],
          [ 1.5961e-02, -1.6680e-03, -1.1452e-02],
          [ 3.1250e-02, -3.1174e-02,  7.1144e-03]],

         [[-4.3854e-02,  2.5482e-02,  1.8372e-02],
          [ 3.3203e-02, -8.4900e-02,  4.1016e-02],
          [ 4.8950e-02,  2.1393e-02, -4.5837e-02]],

         [[-1.9197e-03,  2.2278e-02, -1.7227e-02],
          [ 8.7463e-02, -1.1646e-01,  2.9312e-02],
          [-1.0577e-01,  1.4539e-01, -1.0590e-02]],

         [[ 1.1726e-02, -2.9953e-02,  2.1149e-02],
          [-6.4026e-02,  1.0376e-01, -2.1851e-02],
          [ 6.2988e-02, -7.2571e-02,  8.2855e-03]],

         [[-2.9312e-02,  6.2256e-02, -2.4277e-02],
          [ 9.0698e-02, -2.1130e-01,  9.0515e-02],
          [ 8.0261e-03,  6.8542e-02, -7.1716e-02]],

         [[-3.3722e-02, -3.8422e-02,  4.8523e-03],
          [ 2.5681e-02,  1.5884e-02, -3.1113e-02],
          [-5.7617e-02,  9.1858e-02,  3.0308e-03]],

         [[ 5.6229e-03, -9.6436e-03,  1.3762e-03],
          [-1.5900e-02, -1.3344e-02,  2.8549e-02],
          [ 3.1921e-02, -4.5441e-02,  1.6775e-03]]],


        [[[ 3.3386e-02,  6.3171e-02, -2.2537e-02],
          [-5.7716e-03, -2.1143e-01, -2.5558e-02],
          [-7.5073e-03,  1.3928e-01,  2.3773e-02]],

         [[ 1.6312e-02, -8.0688e-02, -2.3209e-02],
          [-3.2532e-02,  5.9357e-02,  1.0541e-01],
          [ 1.3245e-02,  1.4282e-02, -8.1421e-02]],

         [[-2.7832e-02,  1.7868e-02,  1.8463e-02],
          [ 3.6621e-02, -2.9011e-03, -3.4271e-02],
          [-2.2621e-03, -2.4765e-02,  1.2398e-02]],

         [[-1.1223e-02, -7.0251e-02,  5.9319e-03],
          [-2.4918e-02,  1.8433e-01,  5.0568e-02],
          [ 5.7373e-02, -1.6406e-01, -6.2439e-02]],

         [[ 3.4760e-02, -1.5602e-02, -2.8397e-02],
          [-3.7415e-02, -2.3697e-02,  8.7158e-02],
          [ 2.2842e-02,  4.5624e-02, -9.8694e-02]],

         [[-4.1351e-03,  5.8136e-03, -1.4915e-02],
          [ 1.7227e-02, -7.7438e-03, -1.2146e-02],
          [-2.2030e-03, -2.2095e-02,  2.9053e-02]],

         [[-9.6970e-03, -4.5624e-02,  1.6418e-02],
          [ 4.8187e-02, -2.9469e-03, -2.0508e-02],
          [-4.3213e-02,  5.8624e-02,  4.8279e-02]],

         [[ 4.7638e-02, -1.4404e-02, -5.0262e-02],
          [-3.0685e-02, -6.1859e-02,  2.7557e-02],
          [-1.5839e-02,  7.8064e-02,  3.1555e-02]],

         [[ 3.7937e-03,  6.4270e-02, -1.1963e-02],
          [ 2.8915e-02, -2.2534e-01, -5.0140e-02],
          [-6.8176e-02,  1.0883e-01,  7.2937e-02]],

         [[-1.0445e-02,  2.9030e-03, -3.5000e-03],
          [ 1.1620e-02,  1.2558e-02,  1.0078e-02],
          [ 1.6663e-02, -1.7853e-02, -3.4027e-02]],

         [[ 6.4636e-02, -3.7170e-02, -1.3000e-02],
          [-1.3928e-01, -6.6719e-03,  4.7424e-02],
          [ 6.8787e-02,  6.4941e-02, -4.2053e-02]],

         [[ 1.0849e-02,  6.5063e-02, -3.1830e-02],
          [-1.1261e-01, -1.9995e-01,  7.6477e-02],
          [ 5.0568e-02,  1.0406e-01, -8.6975e-02]],

         [[ 6.4850e-04, -3.8208e-02,  2.1790e-02],
          [ 3.7750e-02,  1.2830e-01, -1.2466e-02],
          [-2.8839e-02,  3.1555e-02,  1.0358e-01]],

         [[-2.8854e-02, -8.8318e-02, -8.1406e-03],
          [ 4.4861e-03,  2.0508e-01,  6.3110e-02],
          [ 1.9058e-02, -1.0132e-01, -4.3457e-02]],

         [[-1.0626e-01, -1.9779e-03,  2.4323e-02],
          [-9.4299e-03,  1.7746e-02,  6.2683e-02],
          [ 3.8727e-02,  4.0283e-03, -7.2937e-02]],

         [[-3.6438e-02,  3.8671e-04, -4.4632e-03],
          [ 3.1036e-02,  3.2990e-02, -1.0437e-02],
          [ 7.2899e-03, -1.2955e-02, -8.0872e-03]]],


        [[[-3.1185e-04,  1.1047e-02,  7.1573e-04],
          [ 1.1223e-02,  8.3160e-03, -5.6877e-03],
          [ 2.6703e-03,  5.2786e-04, -8.2703e-03]],

         [[ 2.0885e-04,  2.0203e-02,  4.3213e-02],
          [ 5.7602e-03,  7.1449e-03,  3.1982e-02],
          [-6.0196e-03,  3.6430e-03,  2.2385e-02]],

         [[-1.9897e-02,  1.8311e-02, -1.6937e-02],
          [-2.9434e-02,  5.0629e-02, -1.4114e-03],
          [-3.3508e-02, -2.5772e-02, -6.1493e-02]],

         [[-9.1782e-03,  5.0545e-03,  7.1764e-04],
          [-6.7749e-03,  4.7264e-03, -9.8133e-04],
          [-1.3027e-03, -4.4174e-03,  1.4801e-03]],

         [[-6.2037e-04,  7.0953e-04, -4.9553e-03],
          [-2.1114e-03,  2.8191e-03, -5.2223e-03],
          [-6.1607e-04,  4.7417e-03, -6.6638e-05]],

         [[-1.0490e-02, -3.9612e-02, -6.8970e-02],
          [-1.9455e-02,  1.1743e-01,  1.4961e-02],
          [-5.9479e-02,  3.1830e-02, -3.0548e-02]],

         [[-9.3222e-04, -5.5466e-03, -2.6245e-03],
          [ 3.5992e-03, -4.7760e-03,  1.5574e-03],
          [ 1.1816e-03, -3.9520e-03, -3.3398e-03]],

         [[-4.7028e-02, -1.8482e-03, -8.5831e-03],
          [ 9.6512e-03,  7.7576e-02,  5.2429e-02],
          [-9.6359e-03,  6.1188e-02,  5.2002e-02]],

         [[-1.1086e-02, -2.2240e-03,  1.9379e-03],
          [-4.5323e-04, -7.3013e-03,  7.2403e-03],
          [ 3.7498e-03, -1.4372e-03,  6.9618e-04]],

         [[-4.4220e-02, -3.5675e-02, -4.8798e-02],
          [-3.3188e-04,  2.5073e-01,  2.0544e-01],
          [-1.0307e-02,  2.4622e-01,  2.0129e-01]],

         [[-1.9897e-02, -1.5137e-02, -2.4826e-02],
          [ 8.4229e-03,  8.7967e-03, -5.1918e-03],
          [ 8.5678e-03, -5.1155e-03, -1.7891e-03]],

         [[-8.5211e-04, -2.6970e-03,  6.2037e-04],
          [-2.8687e-03,  1.1692e-03, -2.1877e-03],
          [ 2.8915e-03, -6.7413e-05, -1.4725e-03]],

         [[-6.8092e-03,  5.8937e-03, -1.5888e-03],
          [ 7.1096e-04, -2.2793e-03, -5.9891e-04],
          [ 7.2336e-04, -4.6959e-03, -2.3282e-04]],

         [[-1.5774e-03, -4.0102e-04,  1.8349e-03],
          [ 6.9008e-03,  1.3380e-03,  1.9407e-03],
          [ 7.6027e-03, -1.7619e-04, -3.6478e-04]],

         [[ 3.1250e-02,  2.7847e-02, -9.3689e-03],
          [ 1.9852e-02,  3.5614e-02,  7.5188e-03],
          [ 1.7633e-03,  4.2686e-03,  6.5002e-03]],

         [[ 3.5217e-02, -3.1113e-02, -3.4973e-02],
          [-3.4912e-02, -2.9639e-01, -2.6001e-01],
          [-2.1729e-02, -2.7661e-01, -2.3608e-01]]],


        [[[-6.8237e-02,  2.5005e-03,  8.4473e-02],
          [-2.2974e-01,  1.5312e-02,  1.6907e-01],
          [-8.9600e-02,  2.8442e-02,  5.8441e-02]],

         [[-7.3853e-02,  1.0046e-01, -2.3422e-02],
          [-7.0618e-02,  1.6101e-01, -3.2166e-02],
          [-6.4575e-02,  1.1682e-01, -7.4402e-02]],

         [[ 2.9449e-02, -4.4250e-02,  2.2339e-02],
          [ 4.6295e-02, -1.1255e-01,  4.5593e-02],
          [ 3.5034e-02, -8.8440e-02,  4.9164e-02]],

         [[-5.6915e-03, -2.2537e-02,  6.1941e-04],
          [ 1.9135e-02,  8.5831e-03, -4.1016e-02],
          [ 2.4033e-02,  2.0828e-02, -2.3117e-02]],

         [[-6.3782e-02,  4.4617e-02,  5.7587e-02],
          [-1.4685e-01,  1.4197e-01, -1.4595e-02],
          [-5.1971e-02,  6.0944e-02, -4.8737e-02]],

         [[-1.4366e-02,  1.8906e-02, -3.7518e-03],
          [-8.4534e-03, -1.0506e-02,  1.1543e-02],
          [ 2.6932e-03, -3.4943e-02,  1.8280e-02]],

         [[-1.2909e-02,  2.9663e-02, -6.8420e-02],
          [-4.9286e-02,  1.2323e-01, -7.5317e-02],
          [-2.7802e-02,  7.8979e-02, -1.7380e-02]],

         [[-6.1371e-02,  5.8685e-02,  2.6657e-02],
          [-8.3740e-02,  9.3445e-02,  1.5312e-02],
          [-1.0010e-01,  9.4788e-02, -4.2419e-02]],

         [[-1.0117e-02,  1.5869e-02,  5.0545e-03],
          [-3.8788e-02,  1.2924e-02,  2.7374e-02],
          [-4.6967e-02,  1.3168e-02, -2.1744e-03]],

         [[ 1.2863e-02, -9.0027e-03, -7.3929e-03],
          [ 2.1561e-02, -2.6871e-02, -2.6340e-03],
          [ 3.5675e-02, -3.4973e-02,  3.6983e-03]],

         [[-9.3155e-03,  2.9007e-02, -4.0283e-02],
          [ 3.1677e-02,  8.2458e-02, -7.8125e-02],
          [ 3.0518e-02,  6.2164e-02, -9.6497e-02]],

         [[-6.0654e-03, -3.4809e-03,  2.8896e-04],
          [-4.4159e-02,  2.2003e-02,  1.4944e-03],
          [-1.4328e-02,  4.5288e-02, -2.8992e-02]],

         [[-2.7023e-02, -6.8247e-05, -1.8936e-02],
          [ 1.4420e-02, -3.4790e-02, -2.4643e-03],
          [ 8.5831e-03, -1.1452e-02, -2.3842e-06]],

         [[ 4.6661e-02,  7.1640e-03, -7.3975e-02],
          [ 1.3269e-01,  4.4983e-02, -2.4353e-01],
          [ 5.0446e-02,  1.9928e-02, -9.7961e-02]],

         [[-5.0430e-03, -4.0985e-02,  8.3313e-03],
          [ 3.6713e-02, -9.7046e-03, -3.3073e-03],
          [ 7.3486e-02,  3.7903e-02, -8.5876e-02]],

         [[ 3.0991e-02, -1.8524e-02, -5.3711e-03],
          [ 2.2476e-02, -3.9490e-02, -2.3842e-04],
          [ 1.1673e-02, -8.6746e-03, -5.1193e-03]]],


        [[[ 2.8549e-02,  5.5115e-02, -3.1799e-02],
          [-1.0170e-02,  6.0760e-02, -6.3904e-02],
          [-3.8391e-02,  8.9172e-02, -4.8737e-02]],

         [[ 8.8562e-02, -1.8030e-01,  1.0242e-01],
          [ 1.0675e-01, -1.8127e-01,  1.0089e-01],
          [ 7.2571e-02, -1.2769e-01,  3.8696e-02]],

         [[-2.2720e-02,  6.0913e-02, -2.6550e-02],
          [-4.5776e-02,  7.2266e-02, -5.2094e-02],
          [-3.8177e-02,  6.0822e-02, -2.3849e-02]],

         [[ 1.0277e-02, -2.9266e-02,  1.1345e-02],
          [ 1.2039e-02, -9.8419e-03, -8.7509e-03],
          [ 3.0243e-02, -3.2471e-02,  9.5415e-04]],

         [[ 3.3600e-02, -1.3013e-01,  1.0602e-01],
          [ 8.0811e-02, -3.0786e-01,  2.3877e-01],
          [ 2.3804e-02, -1.4062e-01,  1.0541e-01]],

         [[-8.2321e-03,  1.9531e-02, -1.2054e-03],
          [-1.7014e-02,  2.3453e-02, -2.1500e-02],
          [-1.2833e-02,  2.6703e-02, -1.2215e-02]],

         [[ 2.7588e-02, -8.5449e-02,  3.7811e-02],
          [ 4.2076e-03, -2.0581e-01,  1.9592e-01],
          [-2.9190e-02, -2.1072e-02,  9.3689e-02]],

         [[ 5.2917e-02, -1.3562e-01,  6.7322e-02],
          [ 9.4299e-02, -1.6333e-01,  6.9519e-02],
          [ 1.0718e-01, -1.4160e-01,  5.1605e-02]],

         [[-4.5433e-03, -2.0218e-03, -3.9940e-03],
          [ 2.6505e-02, -3.7537e-02,  1.9531e-02],
          [-1.5564e-03, -7.8583e-03,  9.9030e-03]],

         [[ 1.4442e-02, -4.2152e-03,  1.4524e-03],
          [ 1.9501e-02, -1.1581e-02, -1.2291e-02],
          [ 1.3908e-02, -1.1292e-02, -5.8784e-03]],

         [[ 5.4550e-03, -6.5857e-02,  4.2908e-02],
          [ 2.6749e-02, -5.9570e-02,  4.5380e-02],
          [ 4.9072e-02, -8.0078e-02,  3.3630e-02]],

         [[-1.4162e-03, -7.9498e-03,  7.3967e-03],
          [-5.4455e-04, -2.4872e-02,  2.6382e-02],
          [ 1.3176e-02, -2.9053e-02,  2.5833e-02]],

         [[-1.1681e-02, -7.1640e-03, -8.3160e-03],
          [-6.5384e-03,  2.4033e-02, -3.1433e-02],
          [ 5.0507e-03,  1.2375e-02, -1.9562e-02]],

         [[-1.6129e-02,  1.3596e-02,  2.5528e-02],
          [-3.7956e-03, -3.3203e-02,  5.5634e-02],
          [ 2.2858e-02, -5.3772e-02,  4.2175e-02]],

         [[-3.6407e-02,  2.6917e-02,  4.9683e-02],
          [-5.1086e-02, -1.0956e-02,  4.3488e-02],
          [ 3.3722e-03, -8.6182e-02,  2.9266e-02]],

         [[ 1.3977e-02,  6.5613e-03, -2.3438e-02],
          [ 4.5090e-03,  1.9547e-02, -4.0009e-02],
          [ 2.2690e-02,  3.8433e-03, -2.2629e-02]]],


        [[[-6.0005e-03,  1.1894e-02,  5.1117e-03],
          [-4.2114e-03, -3.7403e-03, -1.1215e-02],
          [ 1.7242e-02,  1.3924e-02, -3.1509e-03]],

         [[ 3.6383e-04, -6.9962e-03,  1.0452e-02],
          [-7.3242e-03, -1.7166e-02, -5.6343e-03],
          [ 1.9562e-02, -1.0193e-02, -8.3542e-04]],

         [[-1.2280e-01, -6.8550e-03,  1.1981e-01],
          [-3.9307e-01, -2.3590e-02,  3.8354e-01],
          [-1.7236e-01,  1.8982e-02,  1.6309e-01]],

         [[ 7.1030e-03, -6.0463e-04,  5.3864e-03],
          [-3.9444e-03,  4.3526e-03,  9.1095e-03],
          [ 5.0049e-03,  1.1759e-03,  5.5389e-03]],

         [[-3.4904e-03, -3.1738e-03,  2.3594e-03],
          [-5.1994e-03, -8.2397e-03, -7.3576e-04],
          [ 4.4861e-03, -8.2855e-03,  3.2845e-03]],

         [[ 1.3391e-01,  4.1534e-02, -2.2668e-01],
          [ 4.8364e-01,  9.0271e-02, -5.0977e-01],
          [ 1.6284e-01,  5.4993e-02, -2.4072e-01]],

         [[ 2.0485e-03,  8.4152e-03, -2.9507e-03],
          [-3.1929e-03,  6.0196e-03, -5.4054e-03],
          [-2.8019e-03,  3.2139e-03, -6.9389e-03]],

         [[ 7.3547e-02, -2.9785e-02, -3.7048e-02],
          [ 1.2390e-01, -3.0090e-02, -1.1182e-01],
          [ 1.0535e-01, -1.9623e-02, -8.5144e-02]],

         [[ 9.1019e-03, -3.7060e-03,  1.7075e-02],
          [ 4.5013e-03, -1.6708e-03,  2.3346e-03],
          [ 1.6537e-03, -5.1918e-03,  5.6305e-03]],

         [[-9.1064e-02, -1.1497e-02,  5.8258e-02],
          [-3.7231e-02, -7.3385e-04,  3.8239e-02],
          [-9.4757e-03,  1.6785e-02, -1.8021e-02]],

         [[ 3.8361e-02,  4.0894e-03, -2.1027e-02],
          [ 6.3904e-02, -1.6937e-02, -8.7280e-02],
          [ 4.3365e-02, -9.1858e-03, -4.3610e-02]],

         [[-1.2789e-03,  1.2197e-03,  5.1537e-03],
          [ 4.0364e-04,  3.0098e-03,  5.3101e-03],
          [ 5.3177e-03,  4.2381e-03,  6.6299e-03]],

         [[ 6.8130e-03,  3.3588e-03,  1.1795e-02],
          [ 7.2975e-03,  4.0665e-03,  1.0826e-02],
          [ 5.4359e-03, -6.5660e-04,  1.0826e-02]],

         [[-9.5444e-03, -4.2076e-03, -6.3095e-03],
          [-2.5482e-02, -1.9836e-02, -2.6596e-02],
          [ 1.5965e-03, -2.7180e-04,  4.3182e-03]],

         [[-1.5205e-02, -1.2922e-04, -4.3259e-03],
          [-3.8834e-03, -9.5901e-03, -2.0264e-02],
          [ 1.3870e-02,  1.0620e-02, -2.5520e-03]],

         [[-5.6488e-02, -1.4526e-02,  5.1331e-02],
          [-1.2299e-02, -3.2410e-02,  3.1189e-02],
          [ 5.1178e-02, -2.0020e-02, -2.4078e-02]]],


        [[[ 9.3994e-03,  1.5686e-02,  1.6418e-02],
          [-2.6932e-03,  1.2726e-02,  1.0521e-02],
          [ 7.7324e-03, -9.9182e-03,  1.2550e-03]],

         [[-1.9569e-03, -1.6479e-02,  3.1929e-03],
          [ 7.9575e-03, -1.4488e-02, -2.3361e-02],
          [ 1.7120e-02,  6.3591e-03, -3.9444e-03]],

         [[ 5.7404e-02,  2.9688e-01,  1.1285e-01],
          [ 2.3499e-02, -4.8103e-03,  7.9529e-02],
          [-8.8379e-02, -3.7500e-01, -1.1249e-01]],

         [[ 2.0981e-03,  2.4307e-04,  4.0054e-03],
          [-2.6855e-03, -1.0025e-02,  6.0806e-03],
          [ 3.0003e-03,  2.1362e-03,  1.0048e-02]],

         [[ 1.1589e-02,  8.2550e-03,  2.0630e-02],
          [-6.7291e-03, -5.1041e-03,  1.3065e-03],
          [-7.2365e-03, -1.1360e-02, -8.2779e-03]],

         [[-9.0393e-02, -3.8501e-01, -1.7090e-01],
          [-1.2505e-02, -2.5635e-02, -8.2092e-02],
          [ 8.7769e-02,  5.0146e-01,  1.6455e-01]],

         [[ 7.4043e-03, -3.1681e-03, -9.2697e-04],
          [-2.4071e-03, -5.7182e-03, -1.0437e-02],
          [-4.1938e-04,  3.7422e-03, -3.6201e-03]],

         [[-6.2485e-03, -3.4370e-03,  2.5558e-03],
          [-6.4758e-02, -4.1351e-02, -7.7515e-02],
          [ 2.9938e-02,  9.8999e-02,  2.6062e-02]],

         [[ 2.9926e-03, -1.6098e-02, -1.8854e-03],
          [-2.0294e-02, -2.7786e-02, -1.7151e-02],
          [-2.1820e-02, -3.1921e-02, -1.0597e-02]],

         [[ 7.3486e-02,  1.3893e-02, -2.3422e-02],
          [-1.1475e-02, -2.5833e-02, -1.4252e-02],
          [-7.3181e-02, -3.4546e-02,  1.6235e-02]],

         [[-6.2744e-02, -9.0881e-02, -4.7729e-02],
          [-1.8911e-03, -5.9013e-03, -7.4005e-03],
          [ 5.7617e-02,  8.1543e-02,  3.2501e-02]],

         [[ 1.3275e-03, -3.4084e-03, -2.5005e-03],
          [ 1.6975e-03,  1.0010e-02,  2.4300e-03],
          [ 4.8981e-03,  2.0752e-03,  8.2321e-03]],

         [[ 1.0595e-03,  1.4544e-03,  1.6203e-03],
          [ 1.0033e-03,  4.3793e-03, -2.9445e-05],
          [ 5.3101e-03,  9.6750e-04, -2.8744e-03]],

         [[ 3.8967e-03, -1.4858e-03,  4.2458e-03],
          [ 5.9271e-04,  1.1360e-02,  2.0313e-03],
          [ 5.7907e-03, -8.7967e-03,  2.5082e-03]],

         [[-2.9770e-02, -6.2927e-02, -7.8369e-02],
          [ 2.1515e-02,  1.1742e-02, -3.1830e-02],
          [ 4.7180e-02,  7.4097e-02,  3.5187e-02]],

         [[ 5.7800e-02,  1.7414e-03,  1.8280e-02],
          [-2.4734e-02, -1.9699e-02,  5.9814e-03],
          [-4.7913e-02, -2.3056e-02,  2.0187e-02]]],


        [[[ 1.4359e-02, -1.8707e-02, -2.4429e-02],
          [ 5.3253e-03,  1.3962e-02,  8.5983e-03],
          [-2.4841e-02,  2.7176e-02,  3.7292e-02]],

         [[-9.3262e-02, -1.2494e-01, -9.1797e-02],
          [ 7.0496e-03,  8.8959e-03, -5.9319e-03],
          [ 9.7778e-02,  1.5442e-01,  7.3853e-02]],

         [[ 6.7261e-02,  3.5950e-02,  3.6987e-02],
          [-1.0994e-02, -1.8372e-02, -8.7509e-03],
          [-1.5068e-02, -6.8237e-02, -3.1082e-02]],

         [[ 7.0190e-02,  1.1365e-01,  7.1045e-02],
          [ 1.0248e-01,  1.5759e-01,  1.2720e-01],
          [ 6.6467e-02,  1.0376e-01,  6.9031e-02]],

         [[ 1.6235e-02, -1.1864e-03,  2.5894e-02],
          [ 3.1414e-03, -2.7542e-03, -1.9646e-03],
          [-2.4628e-02,  4.4060e-03, -3.0308e-03]],

         [[ 6.9153e-02,  1.3367e-01,  6.8176e-02],
          [ 7.4921e-03,  2.4307e-02,  1.4633e-02],
          [-5.1208e-02, -1.5930e-01, -8.7585e-02]],

         [[ 1.9165e-02, -4.8447e-03, -2.9163e-03],
          [ 3.6488e-03, -9.5596e-03,  5.9509e-03],
          [-7.0763e-03,  8.9874e-03, -1.9623e-02]],

         [[-9.1125e-02, -1.6711e-01, -1.2231e-01],
          [-2.2247e-02,  3.6621e-03, -1.7227e-02],
          [ 6.0852e-02,  2.2327e-01,  1.7358e-01]],

         [[-4.2786e-02, -1.3684e-01, -5.2826e-02],
          [-1.0944e-01, -1.6211e-01, -1.2079e-01],
          [-5.1117e-02, -1.0339e-01, -5.7037e-02]],

         [[ 1.9852e-02,  3.1769e-02,  4.9561e-02],
          [ 5.5428e-03, -1.3504e-02, -7.8735e-03],
          [ 8.6670e-03, -3.3173e-02, -1.9455e-02]],

         [[-6.1615e-02, -7.0984e-02, -3.4790e-02],
          [ 1.0521e-02, -1.0094e-02, -7.6370e-03],
          [ 8.2214e-02,  7.2388e-02,  1.4542e-02]],

         [[-3.1738e-02, -7.5806e-02, -4.9774e-02],
          [-1.5945e-02,  1.7166e-03, -1.3977e-02],
          [ 3.1464e-02,  5.5084e-02,  3.7933e-02]],

         [[ 1.1650e-02,  4.6265e-02,  1.9501e-02],
          [-3.2745e-02, -5.4535e-02, -4.2206e-02],
          [-2.3376e-02, -3.0869e-02, -4.2755e-02]],

         [[-2.4918e-02, -3.5767e-02,  1.5503e-02],
          [-6.8054e-03, -1.3390e-02, -2.2125e-02],
          [ 4.3671e-02,  1.3092e-02, -3.9124e-02]],

         [[ 1.0663e-01,  1.0278e-01,  4.0039e-02],
          [ 1.3870e-02,  1.0910e-03, -4.6265e-02],
          [-5.6885e-02, -6.9580e-02, -1.1017e-01]],

         [[-9.9564e-04,  3.9490e-02,  2.6337e-02],
          [-1.5152e-02,  1.6037e-02,  1.6510e-02],
          [-6.1703e-04, -3.3905e-02, -2.3453e-02]]],


        [[[ 1.3494e-03,  3.8330e-02,  3.6499e-02],
          [ 7.1526e-03,  3.8971e-02,  8.8959e-03],
          [ 3.4729e-02, -2.6199e-02, -3.9886e-02]],

         [[ 1.0095e-01,  1.8579e-01,  1.2317e-01],
          [ 3.6438e-02,  3.8605e-02,  1.3573e-02],
          [-1.3037e-01, -1.6492e-01, -1.5991e-01]],

         [[ 1.9806e-02, -3.1555e-02,  1.6891e-02],
          [-2.5589e-02, -6.9946e-02, -4.1870e-02],
          [ 6.8237e-02,  4.4037e-02,  3.8788e-02]],

         [[ 3.7098e-03, -2.0752e-02,  9.5062e-03],
          [-8.3130e-02, -1.4844e-01, -6.7993e-02],
          [-5.2551e-02, -1.3965e-01, -3.8025e-02]],

         [[ 1.3184e-02,  9.2239e-03,  1.7441e-02],
          [-7.7667e-03,  1.0574e-02, -3.1616e-02],
          [ 1.8829e-02, -1.1009e-02, -2.3880e-03]],

         [[-2.3785e-03, -2.5162e-02,  8.4534e-03],
          [-4.5258e-02, -4.3793e-02, -3.5583e-02],
          [ 1.2970e-02,  7.4341e-02,  4.0100e-02]],

         [[ 6.5994e-04, -1.9369e-03,  6.6833e-03],
          [-2.0123e-03, -4.1122e-03, -8.7433e-03],
          [-1.5621e-03, -1.0017e-02,  5.4131e-03]],

         [[ 3.0731e-02,  2.0544e-01,  1.2659e-01],
          [-1.4587e-02,  6.8604e-02,  3.3966e-02],
          [-1.2231e-01, -1.2421e-01, -1.2146e-01]],

         [[ 4.1565e-02,  4.8096e-02,  4.8798e-02],
          [ 6.0883e-02,  1.8591e-01,  9.1736e-02],
          [ 5.5389e-02,  1.3477e-01,  9.4971e-02]],

         [[ 4.0344e-02,  1.4931e-02,  1.1391e-02],
          [-2.9739e-02, -3.4973e-02, -2.6047e-02],
          [ 1.2894e-02,  3.2959e-02,  2.5986e-02]],

         [[ 5.2216e-02,  5.1147e-02,  2.8595e-02],
          [ 4.5868e-02,  2.9312e-02,  1.7624e-02],
          [-6.8726e-02, -1.0626e-01, -8.4290e-02]],

         [[ 8.7891e-03,  1.8494e-02,  1.1208e-02],
          [-7.8506e-03,  1.7862e-03,  5.5504e-03],
          [-3.0304e-02, -7.4463e-02, -5.1971e-02]],

         [[-8.5220e-03, -3.9459e-02, -1.2970e-02],
          [-3.9642e-02, -5.5908e-02, -4.6387e-02],
          [ 4.2877e-03,  1.3802e-02,  1.6922e-02]],

         [[ 3.4393e-02,  6.0944e-02,  1.4816e-02],
          [ 1.2703e-02,  8.5068e-03, -9.9716e-03],
          [-2.4277e-02, -3.9124e-02, -1.3268e-02]],

         [[-5.8632e-03, -5.1666e-02, -4.5776e-02],
          [ 7.2144e-02,  2.2095e-02, -3.2623e-02],
          [ 2.1744e-02,  6.9351e-03, -3.7354e-02]],

         [[ 4.1016e-02,  6.0669e-02,  8.5022e-02],
          [-3.1189e-02, -2.8046e-02, -2.0844e-02],
          [-1.3237e-02, -1.6510e-02, -2.7420e-02]]],


        [[[-4.7150e-02,  5.9021e-02, -2.6657e-02],
          [-4.3427e-02,  1.2177e-01, -7.2754e-02],
          [ 1.1212e-01, -7.9712e-02,  9.4986e-03]],

         [[ 4.9744e-02,  1.7349e-02, -6.5063e-02],
          [ 8.9478e-02, -1.2347e-01,  4.9591e-02],
          [-8.6212e-03, -6.7139e-02,  6.8359e-02]],

         [[-1.4740e-02, -1.4481e-02,  2.8122e-02],
          [-4.4678e-02,  4.6661e-02, -7.6103e-03],
          [ 1.1696e-02,  3.8727e-02, -5.5573e-02]],

         [[ 1.9588e-03, -3.7079e-02,  2.0645e-02],
          [ 3.8513e-02, -1.1841e-01,  7.5378e-02],
          [-9.8694e-02,  9.1431e-02, -1.6212e-03]],

         [[-8.8562e-02,  1.6577e-01, -6.2500e-02],
          [ 5.9906e-02, -2.8955e-01,  1.9653e-01],
          [ 1.2463e-01, -7.7209e-02, -5.1575e-02]],

         [[-1.8066e-02,  1.4755e-02,  2.1572e-03],
          [-1.6388e-02,  1.3565e-02,  4.7722e-03],
          [ 2.9816e-02,  6.9237e-03, -3.7384e-02]],

         [[-3.3020e-02,  1.3405e-02, -8.2016e-03],
          [-9.1858e-03,  2.5436e-02,  2.1763e-03],
          [ 3.2715e-02, -1.7993e-01,  8.8501e-02]],

         [[ 1.4137e-02,  4.8401e-02, -4.2511e-02],
          [ 8.9600e-02, -6.5186e-02, -4.5502e-02],
          [ 4.7089e-02, -1.2158e-01,  9.8450e-02]],

         [[-1.8417e-02,  5.3162e-02, -3.5767e-02],
          [-2.3621e-02,  8.7891e-02, -7.4097e-02],
          [ 1.1084e-01, -9.7046e-02,  3.0842e-03]],

         [[-2.1801e-03, -1.2024e-02,  2.5959e-03],
          [ 7.1287e-05, -6.9380e-04,  1.1925e-02],
          [-2.1858e-03,  2.5848e-02, -2.5284e-02]],

         [[ 4.5532e-02, -1.8250e-02, -1.1620e-02],
          [ 6.4453e-02, -1.1115e-01,  6.9946e-02],
          [-6.3232e-02,  1.6830e-02,  2.8946e-02]],

         [[-1.9653e-02,  4.4678e-02, -3.2349e-02],
          [ 1.5106e-02, -3.3844e-02,  3.5217e-02],
          [ 3.4424e-02, -7.6782e-02,  1.5915e-02]],

         [[ 8.7891e-03, -3.1372e-02,  1.8814e-02],
          [-2.9469e-03,  2.6978e-02, -1.2962e-02],
          [-1.8188e-02,  4.7211e-02, -6.2141e-03]],

         [[ 5.4657e-02, -3.6621e-02,  3.1921e-02],
          [ 4.6539e-02, -1.0132e-01,  7.1106e-02],
          [-1.0791e-01,  6.0852e-02, -1.6098e-02]],

         [[ 4.0009e-02, -2.8564e-02, -4.0550e-03],
          [-3.0731e-02, -3.1586e-02,  4.8096e-02],
          [-4.2480e-02,  5.2118e-04,  1.4725e-02]],

         [[-4.7989e-03, -1.4572e-02,  1.1108e-02],
          [-1.5060e-02,  1.9531e-02, -2.9373e-04],
          [ 8.5907e-03,  8.5373e-03, -2.3895e-02]]],


        [[[ 6.6757e-03, -8.4045e-02, -3.2043e-02],
          [ 1.1029e-01, -3.5187e-02, -9.7900e-02],
          [ 2.4887e-02,  1.2976e-01,  3.7556e-03]],

         [[-5.3375e-02, -6.3965e-02,  8.8989e-02],
          [ 6.5552e-02, -1.1578e-01, -7.3120e-02],
          [ 1.1859e-01,  2.7893e-02, -2.3468e-02]],

         [[ 2.7008e-02,  1.9379e-03, -4.6112e-02],
          [-1.4095e-03,  7.1899e-02, -9.7656e-03],
          [-6.8848e-02,  6.9962e-03,  2.4399e-02]],

         [[-7.2823e-03, -5.2734e-02,  2.6894e-03],
          [ 9.6436e-02, -1.7838e-02, -1.1749e-01],
          [ 6.8054e-02,  6.5430e-02,  4.1428e-03]],

         [[-5.9967e-03, -9.6130e-03,  8.2321e-03],
          [ 2.1530e-02, -4.0344e-02,  2.0809e-03],
          [ 2.0828e-02, -3.2104e-02, -1.7242e-02]],

         [[ 2.4963e-02, -3.8662e-03, -3.1921e-02],
          [ 1.1078e-02,  4.8004e-02, -3.2379e-02],
          [-5.1788e-02,  6.8283e-03,  1.5732e-02]],

         [[-2.7237e-02, -2.6627e-03,  1.0004e-01],
          [ 1.6190e-02, -2.1484e-02, -4.2633e-02],
          [ 1.0883e-01, -7.8369e-02, -5.4092e-03]],

         [[-1.0391e-02, -9.9030e-03,  1.4038e-01],
          [ 1.0468e-02, -1.2585e-01, -2.1713e-02],
          [ 1.5430e-01, -2.0554e-02, -9.5276e-02]],

         [[-1.5457e-02,  7.0923e-02,  5.0735e-03],
          [-1.0480e-01, -1.2978e-02,  1.3379e-01],
          [-4.3457e-02, -1.1664e-01,  3.3813e-02]],

         [[ 2.2629e-02,  1.1108e-02, -8.4686e-03],
          [ 7.5769e-04,  1.6113e-02,  4.8027e-03],
          [-3.6163e-02,  6.1150e-03,  2.7714e-03]],

         [[-2.9404e-02,  5.1025e-02,  6.9031e-02],
          [-7.9224e-02, -4.9683e-02,  7.3669e-02],
          [ 6.1462e-02, -6.4880e-02, -2.1423e-02]],

         [[-2.3621e-02,  1.1482e-02,  4.6783e-02],
          [-2.5146e-02, -3.4851e-02, -3.7354e-02],
          [ 9.6680e-02, -2.4216e-02, -3.6407e-02]],

         [[ 4.3297e-03, -2.5539e-03, -2.8198e-02],
          [ 1.9272e-02,  9.0027e-03,  3.5820e-03],
          [-3.9276e-02,  3.1708e-02,  9.2316e-03]],

         [[ 1.1642e-02,  8.1055e-02,  5.3162e-02],
          [-1.1047e-01, -3.7628e-02,  1.0486e-01],
          [ 1.0864e-02, -6.8970e-02, -2.5009e-02]],

         [[-6.2042e-02, -4.6051e-02,  3.6163e-02],
          [-5.0316e-03, -7.6721e-02, -2.3346e-02],
          [ 1.1572e-01,  4.0665e-03, -1.6594e-03]],

         [[ 3.0117e-03,  2.3022e-03, -1.8143e-02],
          [-9.3765e-03,  3.3752e-02, -1.7509e-03],
          [-3.5583e-02, -1.4030e-02,  1.1459e-02]]],


        [[[ 5.7892e-02,  7.1411e-02,  2.9724e-02],
          [ 1.2500e-01,  1.6040e-01,  8.6304e-02],
          [ 9.0332e-02,  1.3342e-01,  4.2419e-02]],

         [[ 1.0400e-01, -1.7883e-02, -1.1230e-01],
          [ 1.7981e-01, -1.9455e-02, -1.4355e-01],
          [ 9.7229e-02, -1.2283e-02, -8.4229e-02]],

         [[-2.8214e-02,  2.0874e-02,  3.1311e-02],
          [-7.4829e-02,  2.6093e-02,  4.0894e-02],
          [-3.4119e-02,  1.0910e-02,  2.2018e-02]],

         [[-7.4768e-03,  5.1003e-03, -1.3992e-02],
          [-1.8372e-02, -2.4979e-02,  2.1179e-02],
          [-2.7328e-02, -8.9035e-03,  3.1158e-02]],

         [[ 5.0446e-02, -2.0386e-02, -2.5497e-02],
          [ 9.4177e-02, -4.4403e-02, -5.3833e-02],
          [ 5.8044e-02, -3.7292e-02, -5.2795e-02]],

         [[-2.4506e-02, -3.2082e-03,  4.3854e-02],
          [-1.2347e-01, -9.3079e-03,  1.2250e-01],
          [-5.0842e-02, -1.9073e-02,  6.7200e-02]],

         [[ 2.0847e-03, -1.7061e-03, -2.3315e-02],
          [ 4.1992e-02,  1.0643e-02, -1.6983e-02],
          [ 3.9337e-02,  3.2806e-02, -6.4659e-03]],

         [[ 3.8452e-02,  2.8210e-03, -7.7576e-02],
          [ 1.9409e-01,  5.0568e-02, -1.4941e-01],
          [ 1.2402e-01,  2.3865e-02, -1.6040e-01]],

         [[-3.0701e-02, -1.2550e-02,  2.8305e-02],
          [-2.0142e-02,  1.5190e-02,  2.4826e-02],
          [ 1.6357e-02,  2.6245e-02,  6.6338e-03]],

         [[ 1.9083e-03,  6.0310e-03,  2.6276e-02],
          [-1.3672e-02, -1.2749e-02,  2.1103e-02],
          [ 5.5656e-03, -1.3268e-02,  2.9114e-02]],

         [[ 4.1046e-02, -1.0803e-02, -2.5375e-02],
          [ 8.8623e-02, -9.9411e-03, -5.9448e-02],
          [ 8.3374e-02, -3.4729e-02, -6.5491e-02]],

         [[-9.4070e-03,  5.3558e-03,  1.6769e-02],
          [ 7.7019e-03,  8.9417e-03,  1.4305e-03],
          [ 4.1389e-03, -1.4160e-02,  7.2813e-04]],

         [[-9.7046e-03, -1.2150e-03,  5.4741e-03],
          [-3.9368e-02, -9.0637e-03,  3.9764e-02],
          [-2.1698e-02,  5.5847e-03,  2.1759e-02]],

         [[-4.7668e-02, -8.6670e-02, -3.4454e-02],
          [-1.0071e-01, -1.3562e-01, -1.2866e-01],
          [-4.4342e-02, -1.3550e-01, -8.9172e-02]],

         [[-1.1398e-02,  3.2013e-02,  9.5901e-03],
          [-1.8646e-02,  1.7426e-02,  1.3641e-02],
          [-5.4749e-02, -3.0319e-02, -1.1559e-02]],

         [[-4.7073e-03, -6.0022e-05,  1.7166e-02],
          [-5.1788e-02, -1.0719e-02,  5.2155e-02],
          [ 2.4617e-05, -8.1711e-03,  1.5045e-02]]],


        [[[ 4.0245e-03, -1.5202e-03,  2.0618e-03],
          [ 1.0353e-02, -5.2185e-03,  3.0613e-03],
          [ 2.4624e-03,  4.3793e-03,  3.2368e-03]],

         [[ 9.7809e-03,  4.6783e-02,  4.7485e-02],
          [ 1.8707e-02,  4.2511e-02,  4.6844e-02],
          [-9.6178e-04,  1.1780e-02,  2.0721e-02]],

         [[-6.4331e-02,  1.5421e-03, -2.7435e-02],
          [ 2.1271e-02,  2.7783e-01,  1.4893e-01],
          [-1.0857e-02,  1.3831e-01,  7.6965e-02]],

         [[-3.5992e-03,  3.0804e-03, -2.0561e-03],
          [-4.8733e-04, -4.0245e-03, -1.0738e-03],
          [ 1.2253e-02, -2.8572e-03,  2.5787e-03]],

         [[ 3.1986e-03, -2.3186e-04, -8.9493e-03],
          [-9.5701e-04,  3.2759e-04, -8.5754e-03],
          [-4.6844e-03,  4.2229e-03, -3.9978e-03]],

         [[ 4.7058e-02, -6.2927e-02, -2.1744e-03],
          [-2.2217e-02, -2.3914e-01, -1.1786e-01],
          [ 5.1147e-02, -1.4673e-01, -2.3712e-02]],

         [[ 1.3237e-03,  2.4796e-03,  2.4757e-03],
          [ 7.0801e-03,  2.6855e-03,  2.7084e-03],
          [ 6.2943e-03,  6.7482e-03,  1.7090e-03]],

         [[-3.4760e-02,  1.2589e-02,  4.5204e-03],
          [ 6.3171e-03,  3.1494e-02,  3.4698e-02],
          [ 1.5160e-02,  1.8173e-02,  2.2583e-02]],

         [[-1.6031e-03,  6.5193e-03,  5.7335e-03],
          [ 2.0046e-03, -1.2009e-02,  7.5722e-03],
          [ 2.7142e-03, -3.4027e-03,  2.4092e-04]],

         [[ 1.2238e-02, -2.6306e-02, -2.8763e-02],
          [-1.0033e-02, -1.4502e-01, -1.4868e-01],
          [-2.7893e-02, -1.4343e-01, -1.2085e-01]],

         [[-9.0027e-03, -4.1313e-03, -2.7863e-02],
          [-2.1378e-02, -3.1525e-02, -4.0009e-02],
          [-1.4153e-02, -3.6469e-02, -3.0060e-02]],

         [[ 1.7509e-03, -6.9952e-04,  6.7294e-05],
          [-2.0962e-03,  1.2188e-03, -2.1400e-03],
          [ 1.5507e-03, -1.3390e-03, -3.1872e-03]],

         [[-1.0967e-03,  6.0692e-03,  1.2455e-03],
          [ 3.2349e-03, -2.2507e-03,  2.9907e-03],
          [ 3.9635e-03, -3.0479e-03,  4.1809e-03]],

         [[ 2.5921e-03, -4.9210e-04,  5.0926e-03],
          [ 3.5591e-03, -9.6207e-03,  9.0561e-03],
          [ 1.1053e-03,  2.2583e-03,  1.1208e-02]],

         [[ 2.6337e-02,  3.0243e-02, -2.9278e-03],
          [ 2.0447e-02,  2.1698e-02,  1.4114e-02],
          [-7.6981e-03, -9.4528e-03,  2.2507e-02]],

         [[-3.4363e-02, -1.5717e-02, -2.9007e-02],
          [-1.7424e-03,  1.6626e-01,  1.1169e-01],
          [-1.9531e-02,  1.2177e-01,  3.4363e-02]]],


        [[[ 3.5828e-02,  3.6438e-02, -2.3697e-02],
          [-1.9958e-02, -4.9835e-02,  4.5532e-02],
          [ 3.3951e-03,  5.6877e-03, -3.6865e-02]],

         [[ 4.7272e-02,  3.4088e-02, -1.5152e-02],
          [-3.3264e-02,  1.8356e-02,  5.4596e-02],
          [-1.1154e-02, -4.0222e-02, -3.4698e-02]],

         [[-4.0512e-03,  2.2095e-02,  2.9297e-02],
          [-2.4490e-02, -6.7200e-02, -6.2164e-02],
          [ 2.3438e-02,  4.8370e-02,  3.3478e-02]],

         [[ 4.0680e-02,  3.1555e-02, -2.8717e-02],
          [-1.0016e-01, -3.5400e-02,  2.4216e-02],
          [ 3.9185e-02,  1.3123e-03, -7.8491e-02]],

         [[ 9.8572e-03,  1.6546e-03, -3.4851e-02],
          [ 1.0414e-02, -7.2144e-02, -1.6144e-02],
          [-1.0262e-02,  5.0812e-02,  4.6539e-02]],

         [[-5.1546e-04, -1.4305e-02, -1.6342e-02],
          [ 1.7288e-02,  7.1287e-04,  3.5896e-03],
          [-3.1071e-03,  1.0025e-02,  4.3793e-03]],

         [[ 3.8528e-03, -4.7607e-03,  1.2581e-02],
          [-4.9744e-02,  5.2246e-02,  8.4457e-03],
          [ 3.3661e-02, -3.9124e-02, -2.3651e-02]],

         [[-1.1444e-02, -5.9692e-02, -6.1981e-02],
          [ 6.6833e-02,  7.9956e-02,  1.0474e-01],
          [-3.1204e-02, -8.8684e-02, -3.7842e-02]],

         [[-7.6172e-02, -4.3427e-02,  1.8814e-02],
          [ 5.7465e-02, -2.9831e-02, -9.3140e-02],
          [-4.0863e-02,  3.1082e-02,  9.2834e-02]],

         [[-3.9215e-03, -1.6220e-02, -1.7090e-02],
          [ 5.6381e-03,  1.2604e-02,  1.4145e-02],
          [ 2.7199e-03,  5.2948e-03,  7.1564e-03]],

         [[-5.7739e-02, -9.3079e-02, -7.2815e-02],
          [ 1.4880e-01,  1.7261e-01,  9.6375e-02],
          [-9.1125e-02, -8.8684e-02, -3.6896e-02]],

         [[-5.6824e-02, -1.3391e-01, -3.3539e-02],
          [ 8.6487e-02,  3.4912e-01,  1.5393e-01],
          [-4.4647e-02, -2.1191e-01, -1.0565e-01]],

         [[ 1.0239e-02,  5.8289e-02, -9.5825e-03],
          [ 3.1403e-02, -7.6050e-02,  5.4260e-02],
          [-3.4058e-02,  6.8298e-02,  4.5105e-02]],

         [[-4.0619e-02, -4.8157e-02, -8.4076e-03],
          [ 3.5706e-02,  5.4230e-02,  2.3212e-03],
          [ 4.7040e-04, -1.6281e-02,  1.5427e-02]],

         [[ 1.2558e-02,  3.8513e-02,  5.7602e-03],
          [-9.3842e-03, -1.3504e-02,  5.3062e-03],
          [-4.8828e-02,  1.0872e-02,  1.3664e-02]],

         [[-1.5350e-02, -5.8746e-03,  2.3632e-03],
          [ 7.7286e-03, -4.4861e-02, -2.1332e-02],
          [ 3.0487e-02,  2.2705e-02,  1.1307e-02]]],


        [[[ 2.2869e-03,  5.3024e-03,  1.3786e-02],
          [-1.4565e-02,  2.6665e-03,  2.4780e-02],
          [ 9.5749e-03,  1.9958e-02,  1.9287e-02]],

         [[-2.1229e-03,  6.4575e-02,  5.7434e-02],
          [ 4.0283e-02,  1.3013e-01,  8.6792e-02],
          [-1.0139e-02,  5.4596e-02,  2.1164e-02]],

         [[ 1.9653e-02, -1.8387e-02,  2.9602e-02],
          [-1.1269e-02,  8.8644e-04, -1.4877e-02],
          [-3.3855e-03, -3.4393e-02,  4.6921e-03]],

         [[ 7.4768e-04, -1.2062e-02,  7.7820e-03],
          [ 6.0730e-03, -2.5630e-04,  2.1606e-02],
          [ 8.0032e-03,  2.4109e-02,  1.5617e-02]],

         [[-6.4621e-03, -2.1248e-03, -6.6986e-03],
          [-1.1711e-02,  6.1417e-03,  1.2520e-02],
          [ 3.4561e-03, -1.0582e-02, -2.1629e-03]],

         [[-1.6495e-02,  1.1520e-02,  2.3022e-03],
          [ 7.5378e-03,  4.4617e-02,  1.2188e-03],
          [-1.0920e-03, -2.8992e-02, -1.4427e-02]],

         [[ 3.6411e-03, -2.5773e-04,  8.5831e-03],
          [-2.0294e-03, -9.0332e-03, -1.7349e-02],
          [ 9.0714e-03, -7.8583e-03, -2.4826e-02]],

         [[-8.1848e-02, -2.8030e-02, -1.9989e-02],
          [ 3.2166e-02,  2.0544e-01,  2.1179e-01],
          [ 3.5248e-02,  2.3230e-01,  2.0886e-01]],

         [[ 4.5013e-03,  1.5888e-03,  1.0529e-02],
          [ 3.0487e-02,  5.8708e-03,  3.5645e-02],
          [ 3.4912e-02,  3.0441e-02,  1.9119e-02]],

         [[ 1.7090e-02,  5.4054e-03,  2.7634e-02],
          [ 6.7062e-03, -3.0670e-02, -2.0691e-02],
          [ 1.0498e-02, -1.9073e-02, -2.6154e-02]],

         [[-2.0462e-02, -2.0111e-02, -2.7054e-02],
          [ 3.7048e-02,  6.3965e-02,  2.0233e-02],
          [-9.6588e-03,  1.8784e-02, -6.4507e-03]],

         [[-3.1033e-03, -1.1696e-02,  2.8763e-03],
          [ 7.3738e-03,  2.5768e-03,  9.4986e-03],
          [ 1.0284e-02,  5.0621e-03,  4.6883e-03]],

         [[-2.5826e-03, -2.4734e-02,  3.8862e-04],
          [ 6.5498e-03, -6.2714e-03,  1.4671e-02],
          [ 1.3107e-02,  5.1498e-03,  1.0170e-02]],

         [[ 2.6398e-03,  4.6883e-03,  4.8218e-03],
          [ 1.7532e-02,  9.6741e-03,  1.0544e-02],
          [-2.2869e-03,  4.3793e-03,  1.7441e-02]],

         [[-1.4490e-01, -1.3110e-01, -8.7708e-02],
          [-1.6199e-01, -1.7737e-01, -1.2524e-01],
          [-9.3567e-02, -1.5076e-01, -8.2825e-02]],

         [[ 2.1576e-02, -1.0506e-02,  5.6839e-03],
          [ 1.9470e-02, -2.0866e-03,  1.5503e-02],
          [-3.6831e-03, -2.9007e-02,  1.6388e-02]]],


        [[[-1.8814e-02,  9.9304e-02, -8.0994e-02],
          [-5.6458e-02, -3.7476e-02,  1.2537e-01],
          [ 3.7018e-02, -6.2683e-02,  1.8082e-02]],

         [[ 1.0399e-02,  7.0984e-02, -7.8430e-02],
          [-7.0007e-02,  8.1909e-02,  9.8724e-03],
          [-1.1063e-02, -4.6906e-02,  2.7649e-02]],

         [[-1.4305e-02,  3.8891e-03,  1.4503e-02],
          [ 2.1515e-02, -6.5308e-02,  3.3386e-02],
          [ 1.3481e-02, -3.8738e-03, -1.5533e-02]],

         [[-3.3661e-02,  5.4535e-02, -2.5513e-02],
          [-7.4402e-02,  1.1169e-02,  6.9214e-02],
          [ 6.0638e-02, -1.2964e-01,  7.4280e-02]],

         [[-2.7176e-02,  4.6753e-02, -4.7398e-04],
          [-3.9978e-02,  1.3733e-01, -6.6223e-02],
          [-2.8854e-02,  7.1220e-03, -2.3560e-02]],

         [[ 4.3335e-03,  7.3280e-03, -5.2032e-03],
          [-2.0618e-03, -2.9240e-03,  1.2115e-02],
          [-9.2087e-03,  5.4216e-04, -4.2462e-04]],

         [[-9.6970e-03, -7.6721e-02,  5.6244e-02],
          [-9.5093e-02,  2.7539e-01, -2.0178e-01],
          [ 1.3342e-01, -1.8494e-01,  7.2021e-02]],

         [[ 2.1332e-02,  9.5367e-03, -2.7512e-02],
          [-4.6875e-02,  9.4360e-02, -4.3297e-03],
          [-2.7847e-02, -2.2049e-02,  3.4149e-02]],

         [[ 2.7359e-02, -6.7749e-02,  3.7140e-02],
          [ 8.4045e-02, -1.4038e-02, -7.3730e-02],
          [-6.7871e-02,  1.3452e-01, -6.6040e-02]],

         [[-6.2704e-04,  1.6003e-03, -4.7684e-03],
          [ 4.7798e-03,  3.7708e-03,  1.2329e-02],
          [ 8.0824e-04,  6.0425e-03, -1.0376e-02]],

         [[ 2.7451e-02, -7.5623e-02,  3.5400e-02],
          [ 3.7567e-02,  4.2755e-02, -4.9255e-02],
          [-5.6152e-02,  6.7871e-02, -1.0056e-02]],

         [[ 1.5701e-02, -4.8615e-02,  2.6535e-02],
          [-5.3467e-02,  1.7102e-01, -1.0333e-01],
          [ 1.4793e-02, -8.0872e-02,  6.8359e-02]],

         [[-2.3819e-02,  5.2765e-02, -3.2318e-02],
          [ 3.3417e-02, -1.1975e-01,  7.9895e-02],
          [-2.3300e-02,  7.4646e-02, -3.2501e-02]],

         [[ 4.1779e-02, -9.3201e-02,  8.5449e-02],
          [ 4.0070e-02,  2.6733e-02, -1.2842e-01],
          [-4.6814e-02,  7.6111e-02, -1.6785e-02]],

         [[ 1.7303e-02,  8.4534e-03, -4.6600e-02],
          [ 1.4839e-02,  3.9703e-02, -1.1032e-02],
          [-7.4951e-02,  9.0790e-03,  1.6006e-02]],

         [[-2.4521e-02, -7.3051e-03,  1.5411e-02],
          [ 2.5238e-02, -3.8727e-02,  5.6419e-03],
          [-7.7324e-03,  1.8738e-02, -1.2001e-02]]],


        [[[-3.4363e-02, -6.6467e-02, -4.4556e-02],
          [-1.2854e-01, -1.6663e-01, -1.2622e-01],
          [-3.0823e-02, -1.2134e-01, -6.7688e-02]],

         [[-8.7219e-02, -1.7212e-02,  9.5032e-02],
          [-1.0754e-01, -9.1553e-03,  1.5955e-01],
          [-8.8867e-02, -2.5848e-02,  7.3181e-02]],

         [[ 4.1107e-02,  5.7793e-03, -6.3362e-03],
          [ 4.7546e-02, -2.6306e-02, -6.8481e-02],
          [ 5.4321e-02, -1.1642e-02, -3.7415e-02]],

         [[-3.0579e-02,  1.9485e-02,  3.0411e-02],
          [ 3.2024e-03, -1.0292e-02, -4.0865e-04],
          [ 2.2919e-02, -2.0325e-02, -2.5467e-02]],

         [[-4.1840e-02, -3.5629e-03,  2.4719e-02],
          [-8.2275e-02,  3.8391e-02,  5.9814e-02],
          [-2.9922e-02,  7.3471e-03,  7.2754e-02]],

         [[ 1.1192e-02,  1.5426e-04, -6.3095e-03],
          [ 7.0312e-02, -1.0727e-02, -6.9641e-02],
          [ 6.2408e-02, -6.3133e-03, -5.8533e-02]],

         [[ 2.5177e-03,  3.3569e-03,  3.3646e-03],
          [-3.8269e-02,  3.4058e-02,  1.2360e-02],
          [-6.8665e-02, -1.4973e-03,  1.7822e-02]],

         [[-6.6162e-02, -1.3649e-02,  6.9031e-02],
          [-1.3257e-01,  1.8082e-02,  2.0667e-01],
          [-1.5552e-01, -4.4891e-02,  1.4514e-01]],

         [[-1.1223e-02, -1.9470e-02, -4.6425e-03],
          [-1.9821e-02,  1.0796e-02,  2.8549e-02],
          [-2.0462e-02,  3.1006e-02,  5.6976e-02]],

         [[ 3.1204e-02, -1.1375e-02, -1.3130e-02],
          [ 4.2175e-02, -1.2115e-02, -2.8519e-02],
          [ 2.6962e-02, -1.0025e-02, -2.7451e-02]],

         [[-3.5675e-02, -2.2003e-02,  2.5299e-02],
          [-2.7679e-02, -7.4272e-03,  7.3242e-02],
          [-5.4169e-02, -3.5431e-02,  6.0364e-02]],

         [[ 7.2289e-03, -1.2331e-03, -5.8632e-03],
          [-3.5065e-02,  1.0025e-02,  2.4933e-02],
          [-1.0620e-02, -4.6844e-03, -3.5305e-03]],

         [[ 2.4109e-03,  1.9608e-03,  1.3351e-02],
          [ 2.6428e-02, -1.4984e-02, -2.7863e-02],
          [ 1.0750e-02,  7.4463e-03,  5.3062e-03]],

         [[ 4.4342e-02,  7.3608e-02,  4.4617e-02],
          [ 1.0059e-01,  1.6882e-01,  1.1176e-01],
          [ 8.0627e-02,  1.3611e-01,  7.4585e-02]],

         [[ 4.6967e-02,  2.7283e-02, -2.7161e-02],
          [ 5.1575e-02, -3.2730e-03, -3.2074e-02],
          [ 8.3618e-03, -3.4058e-02, -8.9233e-02]],

         [[-8.5220e-03,  1.6571e-02,  2.9068e-03],
          [ 9.1782e-03,  2.6779e-02, -4.7211e-02],
          [-1.3824e-02,  3.3844e-02,  3.1948e-03]]],


        [[[ 4.7112e-03, -4.3716e-03,  5.0583e-03],
          [ 1.8646e-02, -1.3748e-02, -6.0272e-03],
          [-9.3002e-03,  2.5845e-03,  1.8091e-03]],

         [[ 5.0079e-02,  7.5012e-02,  6.2805e-02],
          [-8.0322e-02, -1.1896e-01, -1.0510e-01],
          [ 3.2257e-02,  5.6061e-02,  3.6224e-02]],

         [[-7.8278e-03, -3.6743e-02, -1.6205e-02],
          [ 2.5818e-02,  3.6499e-02,  2.7237e-02],
          [-2.9888e-03, -6.7825e-03, -8.7967e-03]],

         [[ 5.3741e-02,  1.2683e-01,  3.2166e-02],
          [-8.5693e-02, -2.1191e-01, -7.5073e-02],
          [ 2.7893e-02,  6.6772e-02, -9.9468e-04]],

         [[-1.1276e-02, -3.6564e-03,  1.4107e-02],
          [ 2.9297e-02,  1.3062e-02, -9.0408e-03],
          [-4.1962e-03, -5.4970e-03, -5.9624e-03]],

         [[-1.1343e-04, -2.1973e-02, -4.0932e-03],
          [ 8.0109e-03,  2.0493e-02,  6.4316e-03],
          [ 1.5192e-03, -1.2123e-02, -5.3902e-03]],

         [[ 2.0126e-02,  3.9635e-03, -1.8616e-02],
          [-2.2278e-02,  7.3303e-02,  3.8879e-02],
          [ 3.0899e-03, -3.4912e-02, -1.9245e-03]],

         [[ 3.0136e-02,  5.5786e-02,  4.3030e-02],
          [-8.6823e-03, -4.4952e-02, -3.2959e-02],
          [-1.0490e-02, -5.6122e-02, -3.1013e-03]],

         [[-7.0007e-02, -1.7896e-01, -7.4036e-02],
          [ 9.6802e-02,  2.3328e-01,  9.3079e-02],
          [-5.0995e-02, -1.0181e-01, -4.5044e-02]],

         [[ 7.3204e-03,  2.6611e-02,  1.9012e-02],
          [-2.1729e-02, -3.0853e-02, -2.3453e-02],
          [ 9.5978e-03,  1.3618e-03,  4.3755e-03]],

         [[ 1.6754e-02,  2.5726e-02,  6.4545e-03],
          [-2.9495e-02, -4.3823e-02, -3.4119e-02],
          [ 1.4397e-02,  3.2715e-02,  8.9340e-03]],

         [[-1.6937e-02, -5.9509e-02, -1.3977e-02],
          [-6.2408e-02, -2.1362e-01, -1.1713e-01],
          [ 4.0924e-02,  1.5759e-01,  8.5938e-02]],

         [[ 4.7455e-02,  1.4880e-01,  6.5552e-02],
          [-2.1088e-02,  2.9106e-03, -1.8280e-02],
          [ 2.4246e-02,  2.6512e-03,  2.3453e-02]],

         [[-4.7493e-03, -7.6942e-03,  5.8441e-03],
          [-2.2629e-02, -1.4511e-02, -6.5002e-03],
          [ 2.1851e-02,  2.3239e-02,  6.0539e-03]],

         [[ 1.3704e-03,  4.2572e-03,  1.5930e-02],
          [-6.1462e-02, -4.0710e-02, -7.1716e-02],
          [ 4.8889e-02,  5.7159e-02,  4.0405e-02]],

         [[-1.0986e-02, -4.6783e-02, -2.4918e-02],
          [ 1.3390e-02,  1.0910e-02,  2.3026e-02],
          [ 6.6757e-03,  1.2253e-02,  8.7967e-03]]],


        [[[ 2.2392e-03, -1.2140e-01,  1.0559e-01],
          [-2.6596e-02,  9.8267e-02, -4.7211e-02],
          [-9.5139e-03,  7.1167e-02, -3.6743e-02]],

         [[-4.8645e-02,  1.0876e-01, -4.8431e-02],
          [ 1.6144e-02,  4.3030e-02, -6.0059e-02],
          [ 2.1088e-02, -6.6040e-02,  3.1616e-02]],

         [[ 1.7975e-02, -3.9612e-02,  2.1179e-02],
          [-8.2321e-03, -4.3091e-02,  3.1860e-02],
          [-1.4793e-02,  4.0192e-02, -2.6871e-02]],

         [[ 2.0008e-03,  9.8450e-02, -1.0052e-01],
          [ 5.0659e-02, -1.3379e-01,  4.8828e-02],
          [ 2.9861e-02, -8.8318e-02,  4.7577e-02]],

         [[ 2.2598e-02,  2.1881e-02, -5.6519e-02],
          [-1.2000e-01,  2.7002e-01, -1.2445e-01],
          [ 2.0874e-02, -1.3342e-01,  1.4734e-01]],

         [[ 9.9411e-03, -1.2184e-02,  1.3733e-02],
          [-1.3382e-02, -2.3102e-02,  2.2202e-02],
          [-4.8752e-03,  2.1881e-02, -7.6332e-03]],

         [[ 3.5889e-02,  3.0762e-02, -2.1317e-02],
          [-2.2066e-04,  9.6924e-02, -1.0114e-01],
          [-2.1072e-02,  5.7190e-02, -3.7292e-02]],

         [[ 4.6349e-03,  3.1185e-03,  4.8065e-02],
          [ 1.1948e-02,  5.3131e-02, -9.1553e-02],
          [ 3.7964e-02, -3.9093e-02,  6.8092e-03]],

         [[ 3.1433e-03, -1.0565e-01,  9.4910e-02],
          [-7.7393e-02,  1.4941e-01, -6.4148e-02],
          [-1.4076e-02,  7.4219e-02, -4.1473e-02]],

         [[ 8.0643e-03,  3.3035e-03, -8.7967e-03],
          [ 1.0475e-02, -1.4603e-02,  1.8959e-03],
          [ 5.1308e-03, -3.0804e-03,  7.7858e-03]],

         [[-6.0791e-02,  9.5276e-02, -2.6047e-02],
          [ 4.6387e-02,  6.6614e-04, -3.7842e-02],
          [ 3.9612e-02, -1.0443e-01,  8.5388e-02]],

         [[-9.7122e-03, -1.9058e-02,  4.7607e-02],
          [-2.0370e-02,  1.0815e-01, -1.1432e-01],
          [ 1.2238e-02, -3.6316e-02,  2.8214e-02]],

         [[-1.7109e-03,  3.6621e-02, -3.6285e-02],
          [ 1.2779e-02, -8.0017e-02,  7.2815e-02],
          [-5.6877e-03,  3.6560e-02, -1.5274e-02]],

         [[ 4.7684e-03,  9.6252e-02, -1.0626e-01],
          [ 3.8452e-02, -1.1603e-01,  5.1300e-02],
          [ 8.4915e-03, -4.8523e-02,  4.1565e-02]],

         [[ 4.4067e-02,  3.2288e-02, -5.1941e-02],
          [-1.2543e-02, -3.5187e-02,  2.1820e-02],
          [-6.2585e-05, -8.1421e-02,  5.2094e-02]],

         [[ 1.5266e-02, -1.9577e-02, -2.4452e-03],
          [ 5.6922e-05, -5.3528e-02,  3.4180e-02],
          [-6.3934e-03,  3.2063e-03,  1.5854e-02]]],


        [[[ 1.2047e-02,  4.4495e-02, -3.5706e-02],
          [-8.7280e-03,  6.2561e-02, -6.5735e-02],
          [-2.1469e-02,  2.9678e-02, -3.6499e-02]],

         [[-5.8479e-03,  4.3488e-02, -4.6692e-02],
          [-6.2790e-03,  8.2886e-02, -8.5632e-02],
          [-1.5450e-02,  7.6660e-02, -6.7261e-02]],

         [[-1.7792e-02,  3.4760e-02, -1.4893e-02],
          [-2.0996e-02,  1.0162e-02,  1.3151e-03],
          [-1.6205e-02, -3.3989e-03,  2.0096e-02]],

         [[-1.5579e-02,  1.7365e-02, -4.6921e-03],
          [ 6.5002e-03,  1.9775e-02, -3.2715e-02],
          [ 2.8351e-02, -1.4709e-02, -1.6098e-02]],

         [[-4.6515e-04,  4.7455e-02, -3.9154e-02],
          [-1.2741e-02,  1.9287e-01, -1.8262e-01],
          [-3.2074e-02,  1.3672e-01, -1.0211e-01]],

         [[-4.8332e-03,  2.8229e-02, -1.1475e-02],
          [-1.8280e-02,  1.4984e-02, -1.2718e-02],
          [-1.9714e-02,  4.8409e-03,  1.0513e-02]],

         [[-2.8122e-02,  5.4047e-02, -1.0727e-02],
          [-2.3727e-02,  2.5928e-01, -1.8188e-01],
          [-2.1057e-03,  2.0227e-01, -1.9885e-01]],

         [[-1.7365e-02,  4.8584e-02, -4.6417e-02],
          [ 4.2114e-03,  1.0382e-01, -8.7341e-02],
          [ 6.3705e-03,  1.1426e-01, -1.0779e-01]],

         [[ 1.1009e-02,  4.6945e-04, -1.8768e-02],
          [ 8.2016e-03, -1.9730e-02,  1.7258e-02],
          [-2.2507e-02,  2.4826e-02, -3.8567e-03]],

         [[-7.0000e-03,  3.7136e-03,  1.8753e-02],
          [-9.3536e-03, -1.3138e-02,  2.6031e-02],
          [-7.1373e-03, -2.9404e-02,  2.4368e-02]],

         [[ 1.6373e-02, -7.7454e-02,  5.4108e-02],
          [ 1.5326e-03, -5.5878e-02,  7.3425e-02],
          [ 6.0081e-03, -5.2002e-02,  4.7943e-02]],

         [[ 3.0842e-03,  1.1772e-02, -8.8120e-03],
          [-1.1444e-02,  3.6499e-02, -1.1726e-02],
          [-3.8376e-03,  5.1636e-02, -4.1718e-02]],

         [[-3.2043e-03, -1.0239e-02,  5.5618e-03],
          [-1.5450e-03, -2.4567e-02,  7.5035e-03],
          [ 1.2497e-02, -3.2043e-02,  1.9333e-02]],

         [[ 2.5520e-03, -5.1758e-02,  5.1575e-02],
          [-8.7662e-03, -1.1365e-01,  1.0992e-01],
          [ 2.4887e-02, -8.4534e-02,  3.5034e-02]],

         [[-2.4155e-02, -4.6783e-02,  8.9783e-02],
          [-3.3722e-02, -4.2297e-02,  5.6915e-02],
          [-6.6376e-03, -6.0822e-02,  2.3178e-02]],

         [[-8.8120e-03, -2.0157e-02,  3.8086e-02],
          [-1.0490e-02, -4.5349e-02,  5.0171e-02],
          [-1.0109e-02, -4.8370e-02,  4.9011e-02]]],


        [[[-4.7211e-02,  6.9824e-02,  6.2073e-02],
          [ 3.6041e-02, -1.7407e-01,  3.9490e-02],
          [-3.0556e-03,  7.6965e-02, -4.9866e-02]],

         [[-5.8075e-02,  5.7190e-02,  3.5675e-02],
          [ 1.7822e-02, -6.8726e-02,  4.3030e-02],
          [ 1.7868e-02, -3.0502e-02, -1.8234e-02]],

         [[ 1.7548e-02, -2.8702e-02,  2.6154e-02],
          [ 4.7150e-03,  6.1607e-03, -3.8849e-02],
          [-2.7771e-02,  2.5070e-02,  5.1346e-03]],

         [[-3.7537e-02,  2.3911e-02,  4.9408e-02],
          [ 6.2561e-02, -2.2583e-01,  1.2158e-01],
          [-3.9459e-02,  8.2764e-02, -3.2806e-02]],

         [[-3.7292e-02,  1.0956e-01, -2.6611e-02],
          [-7.8888e-03, -4.2877e-02,  1.0780e-02],
          [ 8.0299e-04, -6.3843e-02,  3.5675e-02]],

         [[ 4.8828e-03,  1.3580e-03,  2.0325e-02],
          [ 1.5373e-02, -2.0645e-02, -2.3956e-02],
          [-2.0813e-02,  2.5574e-02,  9.5520e-03]],

         [[ 1.2680e-02,  9.2407e-02, -1.4136e-01],
          [ 1.1749e-01, -2.3193e-01,  1.2854e-01],
          [-7.2327e-02,  5.9479e-02,  2.5818e-02]],

         [[-8.0338e-03,  7.0129e-02, -6.8016e-03],
          [-4.3976e-02, -5.0262e-02,  8.7769e-02],
          [ 1.5182e-02, -4.8737e-02, -1.7607e-04]],

         [[ 3.5126e-02, -3.3112e-02, -4.6875e-02],
          [-8.3313e-02,  2.4695e-01, -1.1292e-01],
          [ 2.9358e-02, -7.2144e-02,  4.6600e-02]],

         [[-1.1597e-02,  1.5373e-02,  9.4652e-04],
          [ 4.9095e-03, -2.3556e-03, -6.8169e-03],
          [ 4.8943e-03,  2.1973e-02, -6.7444e-03]],

         [[ 5.0201e-02,  5.2185e-02, -1.1731e-01],
          [-9.3933e-02,  6.9641e-02,  2.8122e-02],
          [ 3.4302e-02, -6.0974e-02,  3.9612e-02]],

         [[ 2.8320e-02,  4.1077e-02, -7.3303e-02],
          [-4.0955e-02, -7.6294e-02,  1.2140e-01],
          [ 4.2381e-03,  2.1271e-02, -1.2550e-02]],

         [[-3.6713e-02, -6.1417e-03,  5.2094e-02],
          [ 1.3443e-02,  3.5217e-02, -7.3547e-02],
          [ 1.8951e-02, -3.4302e-02,  2.8320e-02]],

         [[ 4.9042e-02, -2.2919e-02, -1.0071e-01],
          [-3.3264e-02,  1.7615e-01, -3.6316e-02],
          [-2.7442e-04, -6.4148e-02,  5.2887e-02]],

         [[ 9.0256e-03,  8.7280e-03,  1.7151e-02],
          [-3.0029e-02,  1.5823e-02,  6.1798e-03],
          [ 3.2902e-05, -5.5328e-02,  6.3896e-03]],

         [[-2.7103e-03, -2.4002e-02,  1.8906e-02],
          [-7.1564e-03,  2.3834e-02, -4.1168e-02],
          [-2.8275e-02,  2.6978e-02,  6.0081e-03]]],


        [[[-1.0178e-02, -1.7105e-02,  4.6844e-02],
          [-3.5919e-02,  1.2388e-03, -2.6581e-02],
          [-9.5749e-03, -4.1046e-02,  5.7953e-02]],

         [[-3.3703e-03, -1.5945e-02,  1.4175e-02],
          [-5.2856e-02, -8.3801e-02, -5.7617e-02],
          [ 5.9967e-02,  7.1045e-02,  5.6946e-02]],

         [[-1.2695e-02, -4.0070e-02, -3.3813e-02],
          [ 7.2388e-02,  9.5764e-02,  5.6732e-02],
          [-2.4017e-02, -3.8452e-02, -3.1281e-02]],

         [[-2.9770e-02, -6.2073e-02, -1.4992e-02],
          [ 9.8267e-02,  2.2446e-02,  4.5166e-02],
          [ 6.0501e-03,  1.5027e-01,  1.3513e-01]],

         [[-9.2010e-03, -1.8036e-02, -8.6832e-04],
          [-8.2245e-03, -5.5046e-03,  8.2703e-03],
          [ 5.8632e-03, -2.0370e-02, -1.6832e-03]],

         [[-1.7441e-02, -4.3793e-02, -2.0447e-02],
          [ 2.2217e-02,  5.5389e-02,  5.7587e-02],
          [-1.0004e-03, -3.4698e-02, -3.4218e-03]],

         [[-1.7563e-02,  1.9455e-04, -9.1629e-03],
          [-6.5651e-03, -5.6549e-02, -4.2114e-02],
          [-3.4790e-03,  7.8278e-03, -1.2337e-02]],

         [[ 1.0443e-01,  1.0065e-01,  8.3374e-02],
          [-8.4717e-02, -1.3135e-01, -1.1487e-01],
          [ 2.7370e-03, -3.6041e-02, -2.3697e-02]],

         [[ 9.0149e-02,  1.6382e-01,  1.1145e-01],
          [ 3.3627e-03,  5.5634e-02,  7.9224e-02],
          [ 2.3682e-02, -4.0466e-02, -2.2842e-02]],

         [[-5.9319e-03, -2.0771e-03, -5.7640e-03],
          [ 1.3115e-02,  3.6438e-02,  4.6051e-02],
          [-3.9795e-02, -1.5991e-02,  1.8120e-03]],

         [[ 9.9548e-02,  1.2372e-01,  5.5939e-02],
          [-1.0565e-01, -1.1383e-01, -4.6570e-02],
          [ 2.2476e-02,  1.1673e-02, -7.1869e-03]],

         [[ 5.4962e-02,  1.5369e-01,  6.8237e-02],
          [ 4.0527e-02,  3.9490e-02,  4.6906e-02],
          [ 2.2171e-02,  4.9469e-02,  2.8458e-02]],

         [[ 3.4698e-02,  3.6865e-02,  3.1799e-02],
          [ 1.0168e-01,  2.1704e-01,  1.2299e-01],
          [ 2.9694e-02,  8.4351e-02,  5.6305e-02]],

         [[-3.0689e-03,  4.8065e-02,  9.3126e-04],
          [-1.2238e-02, -4.3060e-02,  3.9825e-02],
          [-2.8473e-02,  1.4412e-02, -2.7298e-02]],

         [[-3.8513e-02, -4.1595e-02, -7.3853e-02],
          [ 5.6335e-02,  6.0486e-02, -1.3580e-02],
          [ 1.3171e-01,  1.4832e-01,  7.8430e-02]],

         [[ 5.4810e-02,  3.1158e-02,  2.5482e-02],
          [-6.1493e-03, -9.0103e-03, -3.2104e-02],
          [ 1.3191e-02, -3.8090e-03, -3.5706e-02]]],


        [[[ 7.6103e-03,  9.9411e-03,  2.7466e-03],
          [ 3.6068e-03,  4.4518e-03, -8.2855e-03],
          [ 3.3646e-03, -3.5019e-03,  1.2083e-03]],

         [[-8.0795e-03, -2.3041e-02, -3.0457e-02],
          [ 3.8910e-03, -3.1281e-02, -4.4006e-02],
          [-3.0594e-03, -9.3842e-03, -1.4053e-02]],

         [[ 3.5706e-02, -2.0111e-02,  3.6652e-02],
          [ 3.5515e-03, -2.5464e-01, -1.0138e-01],
          [ 8.9355e-02, -1.3318e-01, -4.4098e-02]],

         [[-3.9597e-03,  6.8588e-03,  8.8730e-03],
          [ 2.8591e-03,  9.8419e-04,  4.1237e-03],
          [ 6.0921e-03, -1.1091e-03,  5.9471e-03]],

         [[ 2.7943e-04,  1.2751e-03, -4.4441e-03],
          [-2.9392e-03,  3.3817e-03, -1.8950e-03],
          [-7.6532e-04,  5.2786e-04,  7.8583e-03]],

         [[-5.3406e-02,  5.3497e-02, -5.1849e-02],
          [ 3.9734e-02,  3.1128e-01,  1.0852e-01],
          [-8.4778e-02,  1.2378e-01, -1.9409e-02]],

         [[-1.8721e-03, -6.1913e-03, -2.6550e-03],
          [-1.6785e-03, -7.5226e-03,  1.4057e-03],
          [-3.1872e-03, -3.9597e-03,  2.2812e-03]],

         [[-5.5603e-02,  1.4969e-02,  7.0610e-03],
          [ 1.8814e-02,  5.8472e-02,  5.3436e-02],
          [ 4.6730e-03,  1.9791e-02,  1.0548e-03]],

         [[-1.6146e-03,  5.5580e-03,  9.1705e-03],
          [-1.1873e-03,  4.3488e-04,  1.1818e-02],
          [ 8.9645e-03, -9.0256e-03,  8.3542e-03]],

         [[-4.3259e-03,  1.5854e-02,  3.6163e-02],
          [-3.7781e-02, -1.7163e-01, -1.3098e-01],
          [ 1.4610e-02, -1.6284e-01, -1.3477e-01]],

         [[-7.7324e-03,  4.0245e-03, -2.0493e-02],
          [ 3.6743e-02,  6.4087e-02,  1.9501e-02],
          [ 3.1204e-02,  3.8940e-02,  1.9188e-03]],

         [[-3.8834e-03, -2.1820e-03,  1.7920e-03],
          [-3.5357e-04, -6.2523e-03,  9.5129e-04],
          [ 6.9714e-04, -7.8735e-03, -8.0948e-03]],

         [[-5.0163e-03, -8.1718e-05,  2.7943e-03],
          [ 2.1896e-03,  4.6463e-03,  5.2643e-03],
          [ 7.2060e-03, -5.2567e-03, -8.5497e-04]],

         [[-4.5586e-03, -9.5215e-03,  2.1629e-03],
          [ 5.2185e-03, -3.3512e-03, -7.2212e-03],
          [-4.8161e-04, -3.0365e-03, -7.1716e-03]],

         [[ 1.1244e-03,  2.1729e-02, -1.7059e-02],
          [-9.7427e-03,  2.8366e-02, -1.3885e-02],
          [-3.5095e-02, -1.8738e-02, -2.7283e-02]],

         [[-2.1629e-03, -1.6647e-02, -4.3671e-02],
          [-3.9032e-02,  3.0422e-03,  1.4603e-02],
          [-5.4047e-02,  7.3303e-02,  8.0933e-02]]],


        [[[-2.0660e-02, -4.4189e-02, -5.9471e-03],
          [ 2.1637e-02,  7.3364e-02,  5.2155e-02],
          [ 1.2489e-02, -5.0201e-02, -5.5634e-02]],

         [[-3.4088e-02, -4.6265e-02, -4.0497e-02],
          [ 9.6497e-02,  1.1163e-01,  7.2205e-02],
          [-7.6355e-02, -5.3497e-02, -2.0615e-02]],

         [[ 1.0979e-02,  1.3115e-02, -4.5013e-03],
          [-1.6754e-02, -2.0859e-02,  7.0076e-03],
          [ 1.0841e-02, -9.3889e-04,  1.8549e-03]],

         [[ 2.9049e-03, -5.2734e-02, -4.9591e-02],
          [ 4.1382e-02,  2.2205e-01,  9.5764e-02],
          [-6.0852e-02, -2.1423e-01, -9.7168e-02]],

         [[-4.1618e-03, -2.2400e-02, -1.2680e-02],
          [-4.7150e-03,  9.8724e-03,  4.6661e-02],
          [ 1.5732e-02,  7.6218e-03, -2.5635e-02]],

         [[-8.2779e-03,  6.3477e-03,  5.4321e-03],
          [-1.5640e-02, -2.1973e-02, -3.3607e-03],
          [ 2.9892e-02,  2.9922e-04,  1.5154e-03]],

         [[-4.3297e-03,  4.4632e-03, -1.9531e-03],
          [ 2.5528e-02,  7.7515e-02, -4.2206e-02],
          [-1.8326e-02, -6.6040e-02,  6.2927e-02]],

         [[-6.6681e-03, -5.0934e-02, -2.6962e-02],
          [ 1.1177e-02, -2.0813e-02, -3.1677e-02],
          [ 3.0319e-02,  2.6520e-02,  4.7089e-02]],

         [[-9.5901e-03,  1.6815e-02,  2.0645e-02],
          [-5.9387e-02, -1.9568e-01, -9.6680e-02],
          [ 1.3596e-02,  1.4978e-01,  4.9988e-02]],

         [[-1.3361e-03, -4.7264e-03, -3.1357e-03],
          [ 1.0796e-02,  2.8259e-02,  6.3133e-03],
          [-9.5062e-03, -5.8823e-03, -1.0574e-02]],

         [[-6.6185e-03,  4.0375e-02,  3.1647e-02],
          [-1.7456e-02, -8.9539e-02, -9.6802e-02],
          [ 2.8717e-02,  6.7993e-02,  5.4413e-02]],

         [[-6.6452e-03,  4.1565e-02,  4.3884e-02],
          [-6.3934e-03, -1.4319e-01, -2.1753e-01],
          [-4.8065e-02,  5.3596e-03,  9.1309e-02]],

         [[ 9.3699e-04, -3.9673e-03, -1.2199e-02],
          [ 1.2085e-02,  1.1176e-01,  1.1603e-01],
          [ 5.3589e-02,  1.2756e-01,  4.2389e-02]],

         [[-8.7585e-03,  1.6266e-02, -1.0672e-03],
          [-6.7329e-03, -9.0820e-02, -7.2083e-02],
          [ 1.2917e-02,  7.3120e-02,  7.2632e-02]],

         [[ 1.7517e-02,  1.3992e-02, -2.0996e-02],
          [ 1.0918e-02,  1.4786e-02,  1.8555e-02],
          [-5.2765e-02,  1.0971e-02,  4.5090e-03]],

         [[-8.7509e-03, -3.0701e-02, -3.8757e-02],
          [ 8.3542e-03,  7.7629e-03,  3.9398e-02],
          [ 9.0714e-03, -2.1622e-02, -5.8830e-05]]],


        [[[-3.1719e-03, -1.8585e-02,  2.1935e-04],
          [ 1.6510e-02,  3.8544e-02, -3.3630e-02],
          [ 4.0207e-03, -2.6199e-02,  2.4979e-02]],

         [[-3.5004e-02, -6.9885e-03, -1.3092e-02],
          [ 8.0383e-02,  1.0870e-01,  7.4036e-02],
          [-6.2683e-02, -8.0933e-02, -7.2693e-02]],

         [[ 3.5126e-02,  4.7668e-02,  3.2471e-02],
          [-6.7444e-02, -8.6487e-02, -5.2368e-02],
          [ 2.5146e-02,  2.9099e-02,  4.2328e-02]],

         [[ 5.7373e-02,  8.5693e-02,  1.9821e-02],
          [ 7.0557e-02,  1.7883e-02,  2.0081e-02],
          [-1.0754e-01, -1.8115e-01, -8.1909e-02]],

         [[-4.9744e-03, -1.4410e-03, -1.2123e-02],
          [ 3.7785e-03, -1.6068e-02, -1.3817e-02],
          [ 2.4384e-02, -3.7308e-03,  7.4196e-03]],

         [[ 2.6016e-02,  2.2552e-02,  1.9089e-02],
          [-1.9180e-02, -1.9363e-02, -1.0368e-02],
          [-1.0979e-02,  3.3169e-03, -1.4023e-02]],

         [[-3.2330e-03,  1.8177e-03,  3.7136e-03],
          [-1.6769e-02, -2.1149e-02, -9.2850e-03],
          [-1.6449e-02,  8.8959e-03,  2.2293e-02]],

         [[-6.5125e-02, -6.2927e-02, -7.8857e-02],
          [ 1.1151e-01,  1.6455e-01,  9.6375e-02],
          [-5.1117e-02, -4.5746e-02, -5.5389e-02]],

         [[-3.5706e-02, -1.8164e-01, -7.2449e-02],
          [ 1.8816e-03, -1.6012e-03,  5.2223e-03],
          [ 7.0374e-02,  4.7516e-02,  3.0060e-03]],

         [[-1.7990e-02, -2.5452e-02, -9.2926e-03],
          [ 4.6043e-03,  2.0599e-02,  1.6113e-02],
          [-6.5613e-03, -8.2779e-03,  3.5310e-04]],

         [[-8.3984e-02, -6.1066e-02, -3.3447e-02],
          [ 8.3862e-02,  9.9670e-02,  4.5624e-02],
          [-9.1095e-03, -1.0948e-02, -2.6550e-02]],

         [[-3.9673e-02, -2.0737e-02, -1.8219e-02],
          [ 5.6519e-02,  8.9111e-02,  5.4047e-02],
          [-2.6443e-02, -3.7994e-02, -5.0201e-02]],

         [[ 1.0170e-02, -2.8057e-03, -1.0132e-02],
          [ 7.2937e-03, -3.6072e-02, -1.6813e-03],
          [-2.5375e-02, -1.0674e-02, -3.7994e-02]],

         [[ 5.8937e-03,  1.4832e-02,  1.5450e-02],
          [-2.0752e-02, -2.9724e-02,  1.2451e-02],
          [-2.0828e-02, -9.5367e-04, -2.3438e-02]],

         [[ 1.3416e-01,  1.6162e-01,  8.2886e-02],
          [-8.4152e-03,  1.2718e-02, -3.7811e-02],
          [-1.4148e-01, -1.2073e-01, -8.1543e-02]],

         [[ 8.3008e-03,  1.5732e-02, -9.2087e-03],
          [-7.4339e-04, -3.0334e-02, -7.0038e-03],
          [-7.8735e-03,  2.4643e-02,  2.8656e-02]]],


        [[[-6.5727e-03, -9.8228e-04,  3.4180e-03],
          [ 2.8973e-03,  2.2888e-03, -2.8877e-03],
          [-5.9962e-05, -1.0231e-02, -7.0572e-03]],

         [[-3.4070e-04, -2.2644e-02, -1.4236e-02],
          [-1.5419e-02, -3.4119e-02, -1.8814e-02],
          [-4.4212e-03,  1.1146e-05,  1.3802e-02]],

         [[ 2.0050e-02, -9.9335e-03,  1.4671e-02],
          [-1.3840e-02, -6.7871e-02, -5.8624e-02],
          [ 1.8570e-02, -4.9072e-02, -2.8412e-02]],

         [[-1.3075e-03, -2.8362e-03, -3.1910e-03],
          [-5.2643e-03,  1.6613e-03, -4.5547e-03],
          [-9.0179e-03,  4.3030e-03, -8.3771e-03]],

         [[-6.8054e-03,  1.6947e-03, -9.9182e-04],
          [-2.9182e-03,  6.9199e-03,  7.0038e-03],
          [-5.6877e-03,  1.0277e-02,  5.6648e-03]],

         [[ 1.4221e-02, -1.0284e-02, -1.4706e-03],
          [-9.1705e-03, -1.3147e-01, -5.3436e-02],
          [ 6.7444e-03, -7.0068e-02, -2.9831e-02]],

         [[-1.9722e-03,  1.1816e-03, -1.7099e-03],
          [ 7.2556e-03,  2.7294e-03,  4.6349e-03],
          [ 6.6833e-03, -3.1128e-03,  5.9700e-03]],

         [[-7.9346e-03, -1.0902e-02, -1.6129e-02],
          [ 5.4626e-03, -2.4078e-02, -1.6693e-02],
          [ 4.2152e-03, -1.4053e-02, -1.0498e-02]],

         [[ 3.5477e-03,  5.3062e-03, -7.7391e-04],
          [ 5.3444e-03,  5.3673e-03, -5.4932e-03],
          [ 1.6384e-03,  1.1024e-03, -9.4681e-03]],

         [[ 1.1139e-02,  4.1412e-02,  9.6817e-03],
          [-1.1093e-02, -1.9373e-01, -1.9409e-01],
          [-4.6783e-02, -2.6855e-01, -2.4426e-01]],

         [[ 1.0864e-02,  1.0910e-02,  8.9493e-03],
          [ 1.7975e-02,  1.0857e-02,  2.2934e-02],
          [ 3.6133e-02,  2.6077e-02,  3.0472e-02]],

         [[ 3.1261e-03,  6.1035e-03,  1.2388e-03],
          [ 4.1656e-03,  8.3008e-03,  2.8572e-03],
          [-6.7673e-03, -2.5063e-03, -2.5806e-03]],

         [[-4.2844e-04,  4.7874e-03, -1.8349e-03],
          [ 1.2970e-03,  5.7945e-03, -1.5907e-03],
          [ 8.0633e-04,  2.9984e-03, -1.4877e-04]],

         [[ 1.1730e-03,  2.2526e-03, -6.2027e-03],
          [ 2.6760e-03, -3.0842e-03, -5.3902e-03],
          [-1.6556e-03, -7.0190e-03, -8.6746e-03]],

         [[ 1.5366e-02, -5.9433e-03, -7.4911e-04],
          [-2.5787e-02, -2.0172e-02, -3.6964e-03],
          [-1.0590e-02, -1.0204e-03,  1.4191e-02]],

         [[-3.3386e-02, -4.6539e-02, -5.3345e-02],
          [-2.3300e-02,  2.8931e-01,  2.7710e-01],
          [-6.9397e-02,  3.2471e-01,  3.1055e-01]]],


        [[[ 1.8829e-02,  9.2651e-02, -2.0660e-02],
          [ 6.7139e-03,  1.0605e-02, -1.9629e-01],
          [ 1.3062e-02,  2.0142e-02, -1.5747e-01]],

         [[-7.4158e-02,  6.4621e-03, -6.8115e-02],
          [-5.4352e-02,  2.0859e-02, -3.1372e-02],
          [-1.5762e-02,  7.4707e-02,  2.0111e-02]],

         [[-1.2970e-02,  1.3405e-02,  3.3752e-02],
          [-2.6840e-02,  9.5673e-03,  7.8979e-02],
          [-5.7953e-02, -4.3610e-02, -3.4027e-02]],

         [[-6.9763e-02,  3.9101e-03, -7.0610e-03],
          [ 3.4363e-02, -3.0624e-02, -2.0428e-03],
          [ 4.8706e-02,  1.3538e-01,  1.3660e-01]],

         [[-2.3972e-02,  6.8665e-02, -2.9282e-02],
          [-2.7679e-02,  1.0687e-01, -5.5908e-02],
          [ 9.0170e-04, -3.2444e-03,  3.8490e-03]],

         [[ 1.7014e-02, -8.3847e-03,  1.0941e-02],
          [-1.6451e-04, -3.6133e-02,  1.8555e-02],
          [-2.6978e-02, -6.2683e-02, -4.0161e-02]],

         [[ 7.5645e-03,  3.0258e-02, -2.1179e-02],
          [ 1.8433e-02, -2.6493e-03, -4.6570e-02],
          [-1.1787e-02,  2.4780e-02, -8.5327e-02]],

         [[-4.4983e-02,  1.8295e-02, -1.3969e-02],
          [-4.2999e-02,  2.0386e-02,  6.2609e-04],
          [ 5.0476e-02,  9.7473e-02,  7.9285e-02]],

         [[-1.4267e-02, -2.3865e-02,  2.5635e-02],
          [-8.0261e-02,  6.0333e-02,  8.7646e-02],
          [ 1.7136e-02, -3.1311e-02,  6.5613e-02]],

         [[-1.4359e-02,  1.2093e-02,  5.3177e-03],
          [-1.1787e-02, -1.4214e-02, -3.7506e-02],
          [ 2.6093e-02,  1.1589e-02, -3.4241e-02]],

         [[-1.9394e-02, -1.2238e-02, -2.3460e-03],
          [-7.6218e-03, -7.7896e-03,  1.1871e-02],
          [ 2.2003e-02, -2.2430e-02, -3.3936e-02]],

         [[-4.1618e-03,  1.4435e-02, -1.9588e-03],
          [-4.2664e-02,  5.4169e-02,  5.4871e-02],
          [ 6.1951e-02,  7.7393e-02,  1.7502e-02]],

         [[-5.1605e-02, -1.4450e-02, -4.0550e-03],
          [ 1.1200e-02,  2.6016e-02,  3.4271e-02],
          [ 1.9363e-02,  7.0618e-02,  9.3079e-02]],

         [[ 5.8167e-02,  7.2861e-04, -4.6021e-02],
          [ 4.6997e-02, -4.9835e-02, -1.3208e-01],
          [ 3.5370e-02, -3.8452e-02, -1.4746e-01]],

         [[-7.6050e-02, -6.7444e-02, -7.4585e-02],
          [-9.4177e-02, -8.3862e-02, -8.5999e-02],
          [-1.8826e-03, -4.3106e-03, -8.9539e-02]],

         [[-1.0025e-02,  1.0880e-02,  1.8549e-03],
          [-5.9929e-03,  1.0735e-02,  2.1286e-02],
          [-8.4915e-03, -9.0790e-03, -2.0885e-03]]],


        [[[ 7.1678e-03, -1.5507e-03,  5.8174e-03],
          [-5.1308e-03,  6.6833e-03,  5.2910e-03],
          [ 5.0354e-03, -6.3324e-03,  6.6490e-03]],

         [[-8.4763e-03, -4.5624e-02, -4.3060e-02],
          [ 1.9226e-02,  7.5645e-03,  5.6953e-03],
          [ 1.9684e-02,  1.4915e-02,  1.8433e-02]],

         [[-7.9712e-02, -3.6230e-01, -1.6077e-01],
          [-3.9177e-03, -4.4861e-02, -1.9714e-02],
          [ 9.9670e-02,  3.6841e-01,  1.9531e-01]],

         [[ 1.4477e-03, -1.0056e-02, -2.0862e-05],
          [-4.3564e-03, -1.5747e-02, -1.3113e-03],
          [-6.3171e-03, -1.1482e-02, -6.5804e-03]],

         [[ 8.6212e-03,  4.3678e-04,  1.2444e-02],
          [-1.3590e-03, -2.2373e-03, -6.5460e-03],
          [ 3.2825e-03,  2.0027e-03, -2.7161e-03]],

         [[ 1.0339e-01,  4.5264e-01,  1.5112e-01],
          [ 1.2657e-02,  7.1228e-02,  5.8716e-02],
          [-1.7053e-01, -4.5044e-01, -2.3840e-01]],

         [[ 1.7805e-03, -8.2922e-04,  3.3607e-03],
          [-6.1836e-03, -8.9407e-04, -6.8893e-03],
          [ 1.7376e-03,  2.1763e-03,  8.0156e-04]],

         [[ 4.1870e-02,  7.1960e-02,  4.4464e-02],
          [-3.0182e-02, -2.3911e-02, -4.3488e-02],
          [-3.8208e-02, -1.7395e-02, -3.7598e-02]],

         [[ 3.5763e-03, -6.5117e-03,  3.4828e-03],
          [-1.3443e-02, -2.0294e-02, -4.7112e-03],
          [-1.1574e-02, -1.5701e-02, -1.0309e-03]],

         [[-8.2153e-02, -3.7567e-02, -2.6642e-02],
          [-4.8828e-03,  1.9348e-02,  8.5449e-03],
          [ 3.9307e-02,  3.4058e-02, -1.5144e-02]],

         [[ 3.1830e-02,  6.4514e-02,  4.3304e-02],
          [ 2.0935e-02,  1.9958e-02,  2.1774e-02],
          [-6.5857e-02, -1.0193e-01, -6.1005e-02]],

         [[-5.7220e-04, -3.3226e-03, -8.6689e-04],
          [ 8.0490e-03,  9.8419e-03,  7.4463e-03],
          [ 4.6692e-03,  1.1234e-03,  1.7204e-03]],

         [[ 7.1602e-03, -7.5150e-04,  5.0888e-03],
          [ 2.5864e-03,  9.1400e-03,  3.7346e-03],
          [ 7.8392e-04, -4.3564e-03, -4.9858e-03]],

         [[ 6.5899e-04, -1.2863e-04,  4.9210e-03],
          [ 1.9913e-03,  8.3694e-03,  3.1300e-03],
          [ 4.4861e-03, -4.6806e-03,  6.6490e-03]],

         [[ 3.4237e-03,  1.9464e-03, -2.0645e-02],
          [ 2.7481e-02,  1.3733e-02, -1.3245e-02],
          [ 1.3084e-02, -4.9095e-03, -2.3392e-02]],

         [[-4.6173e-02, -5.6458e-03,  4.1718e-02],
          [-1.3641e-02, -1.5068e-02, -8.1863e-03],
          [ 4.2572e-02,  8.3618e-03, -9.0637e-03]]]])
