Weights Information:
# weights ver.2

Model Path: ../best.pt
Model Generated Time:   24-06-04, 20:02

Layer: model.22.cv3.2.1.bn.bias | Size: torch.Size([64])
tensor([ 4.7455e-03,  4.6959e-03,  4.8561e-03,  4.9438e-03, -6.5041e-04,  2.5749e-04, -3.5324e-03, -2.5711e-03, -1.8835e-03,  4.7493e-03, -2.4242e-03, -1.2217e-03,  4.5509e-03, -1.2856e-03, -1.9855e-03,  4.6234e-03, -1.5545e-03,  4.9057e-03,  4.6768e-03,  1.0653e-03,  4.7493e-03,  1.3905e-03,  4.4327e-03,  4.5853e-03,
         4.6883e-03,  4.7226e-03, -1.1368e-03,  4.4975e-03, -7.4625e-04,  4.6730e-03,  4.7302e-03, -9.1553e-04, -4.1986e-04,  4.6387e-03, -3.4218e-03,  4.7188e-03, -1.9474e-03, -1.7405e-03,  4.6272e-03,  4.7760e-03, -2.0051e-04,  4.5853e-03,  4.6043e-03,  4.6616e-03,  4.9286e-03, -8.4591e-04,  4.7684e-03,  3.4714e-04,
         4.7493e-03,  4.4594e-03,  4.6806e-03, -1.7405e-03,  4.5738e-03, -9.0027e-04, -1.1768e-03,  4.8180e-03, -5.6076e-04,  4.8103e-03,  4.7798e-03, -3.1972e-04, -2.3425e-05, -1.2474e-03,  8.1241e-05,  4.7340e-03])
