Weights Information:
# weights ver.2

Model Path: ../best.pt
Model Generated Time:   24-06-04, 20:02

Layer: model.12.cv2.bn.running_var | Size: torch.Size([128])
tensor([0.0189, 0.0681, 0.0293, 0.0153, 0.0242, 0.0174, 0.0183, 0.0212, 0.0316, 0.0272, 0.0124, 0.0271, 0.0535, 0.0335, 0.0503, 0.0202, 0.0162, 0.0146, 0.0221, 0.0171, 0.0198, 0.0224, 0.0466, 0.0134, 0.0493, 0.0145, 0.0376, 0.0211, 0.0361, 0.0231, 0.0191, 0.0184, 0.0253, 0.0352, 0.0145, 0.0402, 0.0179, 0.0303, 0.0166,
        0.0215, 0.0190, 0.0225, 0.0163, 0.0223, 0.0191, 0.0263, 0.0227, 0.0208, 0.0179, 0.0274, 0.0173, 0.0551, 0.0245, 0.0449, 0.0187, 0.0197, 0.0229, 0.0193, 0.0471, 0.0853, 0.0190, 0.0180, 0.0270, 0.0157, 0.0230, 0.0226, 0.0400, 0.0181, 0.0337, 0.0237, 0.0398, 0.0226, 0.1071, 0.0275, 0.0215, 0.0479, 0.0315, 0.0156,
        0.0175, 0.0216, 0.0173, 0.0205, 0.0319, 0.0172, 0.0295, 0.0271, 0.0121, 0.0279, 0.0174, 0.0205, 0.0203, 0.0396, 0.0233, 0.0202, 0.0230, 0.0677, 0.0231, 0.0132, 0.0211, 0.0415, 0.0382, 0.0942, 0.0225, 0.0302, 0.0431, 0.0153, 0.0263, 0.0199, 0.0374, 0.0191, 0.0171, 0.0323, 0.0203, 0.0151, 0.0199, 0.0141, 0.0207,
        0.0192, 0.0208, 0.0219, 0.0287, 0.0264, 0.0193, 0.0781, 0.0165, 0.0421, 0.0205, 0.0122])
