Weights Information:
# weights ver.2

Model Path: ../best.pt
Model Generated Time:   24-06-04, 20:02

Layer: model.6.cv1.bn.weight | Size: torch.Size([128])
tensor([1.0645, 1.3057, 0.8345, 1.0869, 1.3701, 1.2598, 1.1865, 1.3359, 1.2432, 1.3047, 1.3438, 0.9204, 0.9893, 0.9790, 1.0479, 0.9780, 1.4668, 1.3662, 1.3740, 1.4717, 1.3379, 1.1602, 0.6343, 1.0361, 1.0088, 1.2920, 0.9126, 1.1006, 1.3623, 0.9116, 1.2725, 1.1533, 0.9434, 1.2031, 1.2686, 1.3613, 1.0410, 1.1816, 1.6240,
        1.0459, 1.1660, 1.3115, 1.2295, 1.2148, 0.8799, 0.9316, 1.3398, 0.8086, 1.3457, 1.2754, 1.4053, 0.9302, 1.0752, 0.7036, 0.9526, 1.4062, 0.8105, 1.5254, 1.0459, 1.0977, 1.2256, 0.9888, 0.8452, 1.9336, 0.3926, 0.4238, 0.7456, 0.6235, 0.5659, 0.4434, 0.8779, 0.8081, 0.6787, 0.4851, 0.7852, 0.8291, 0.6621, 0.6172,
        0.5605, 0.3611, 0.3857, 0.3914, 0.4062, 0.6958, 0.7998, 0.5249, 0.6538, 0.3391, 0.3804, 0.7905, 0.7217, 3.0312, 0.4111, 0.5537, 0.4736, 0.3528, 0.4565, 0.7959, 0.7036, 0.5796, 0.3623, 0.9448, 1.0850, 0.8950, 0.6440, 0.6636, 0.4124, 0.5713, 0.3958, 0.4509, 0.4048, 0.5181, 0.9082, 0.4163, 0.5884, 0.5527, 0.5483,
        0.6602, 0.4045, 0.5664, 0.6724, 0.9663, 0.7412, 0.7349, 0.3962, 0.6714, 0.3979, 0.4712])
