Weights Information:
# weights ver.2

Model Path: ../best.pt
Model Generated Time:   24-06-04, 20:02

Layer: model.18.cv1.bn.weight | Size: torch.Size([128])
tensor([0.8359, 0.8208, 0.7876, 0.7700, 0.7119, 0.8203, 0.7583, 0.7500, 0.7207, 0.9849, 0.7031, 0.8926, 0.8154, 0.7749, 0.7080, 1.2168, 0.8154, 0.7627, 1.0693, 0.9189, 0.9014, 0.8218, 0.8008, 0.8101, 0.8242, 0.6841, 1.1211, 0.8574, 0.9478, 0.8125, 0.8086, 0.7480, 0.7188, 0.9883, 0.8281, 0.9888, 0.9121, 0.9238, 0.7300,
        1.0742, 0.6772, 0.7471, 1.0078, 0.9248, 0.7339, 0.8188, 0.9844, 0.7119, 0.8467, 0.7607, 0.8135, 1.9717, 1.1738, 1.0615, 0.9082, 0.7158, 0.9922, 0.8345, 1.0137, 0.6899, 0.6646, 0.8164, 0.7842, 0.9458, 0.8032, 1.1572, 1.0371, 1.0146, 0.4990, 0.5396, 1.0215, 1.0723, 0.9531, 0.9761, 0.8203, 0.8135, 0.5308, 1.0449,
        1.2109, 0.7554, 1.1328, 0.7017, 0.6685, 0.8765, 0.6826, 0.8643, 0.7148, 1.4512, 0.7119, 0.9478, 1.1729, 0.6763, 0.5908, 0.9839, 1.0166, 0.7305, 1.0146, 0.9004, 0.8765, 0.8960, 0.8784, 0.8662, 1.0420, 0.7246, 0.7944, 0.9722, 0.6577, 0.3376, 0.8887, 1.2285, 0.5122, 0.9238, 1.1436, 0.9409, 0.8975, 0.6670, 0.8330,
        1.1924, 0.8257, 1.0723, 1.1045, 1.0352, 1.4834, 0.9224, 0.9067, 1.2266, 0.8477, 0.9370])
