Weights Information:
# weights ver.2

Model Path: ../best.pt
Model Generated Time:   24-06-04, 20:02

Layer: model.9.cv2.bn.bias | Size: torch.Size([256])
tensor([ 0.3743, -2.4824, -0.7720, -1.0645, -2.7188, -2.3281, -2.8691, -2.8711, -0.8257, -1.9248, -0.5405, -2.1035, -1.8369, -0.5767, -1.5127,  1.1846, -1.1221, -0.4827, -0.9370, -0.5508, -0.1675, -1.1533, -0.3489, -1.0732, -1.0410, -1.5273, -0.9600, -1.9727, -1.9268, -1.4268,  0.0931, -1.2246, -1.1318, -1.1328,
        -2.1426, -2.1992, -2.2266, -1.5107, -2.5781, -1.0205, -1.0771, -0.7231, -1.0830, -0.2847, -1.8643, -2.6621, -1.9766, -1.1924,  0.1154, -1.7871, -1.4141, -0.9995, -1.4131, -1.0127, -0.1847, -0.2561, -0.5854, -2.4590, -0.4360, -1.9453, -0.5732, -1.2285, -1.7070, -2.3691, -0.7549, -0.2512, -1.7344, -2.0840,
        -2.1348, -2.2988,  0.0606, -0.0796, -0.8242, -2.4629, -2.0430, -1.9639, -2.3086, -0.7437, -1.6299,  0.0154, -0.5786, -2.3867, -1.1201, -1.2891, -0.4841, -1.0986, -2.5859, -1.3672, -0.2426, -2.0020, -1.4961, -1.1729, -2.8008, -0.1500, -1.8135, -0.7476, -1.0166, -2.1152, -1.8721, -2.8379, -0.5117,  0.3005,
        -2.1719, -0.4468, -2.0156, -1.3750, -0.7515,  0.3799, -0.2372, -1.2119, -2.3281, -0.8438, -2.2285, -0.8691, -2.9434, -2.4258, -0.9194, -2.1426, -1.2363, -0.2844, -1.0723, -2.1895, -2.7773, -1.7764, -0.4006, -1.1621, -1.6895,  0.0547,  0.3982, -0.9146, -0.5361, -1.0957, -2.2734, -0.8687, -2.5293, -0.8843,
        -0.2050, -1.8779, -0.4910,  0.1941, -1.2676, -3.0371, -0.6235, -1.8252,  0.4397, -1.8311, -0.0300, -1.5645, -1.6592, -2.0801, -0.9551, -2.0039, -1.4600, -2.2246, -0.8647, -1.4717, -1.9521, -1.8330, -1.1328, -1.7305, -0.9692, -0.8320,  1.1865, -1.5889, -1.1797, -0.8843, -0.9385, -1.4785, -1.6426, -0.6235,
        -1.9443, -1.2832, -1.1416, -0.8555, -1.0654, -0.6396, -0.2174, -0.5107, -2.0996, -1.0127, -2.0566, -0.9253, -0.7930, -1.1289, -2.3223, -1.2588, -0.6812, -0.0926, -0.9282, -1.6162, -2.1973, -1.4902, -2.1328, -1.7637, -0.5586, -0.5605, -2.3105, -2.0078, -0.2959, -2.1738, -0.7529, -1.5088, -0.9829, -1.2480,
        -2.5840, -0.6646, -0.3247, -1.0889, -1.1201, -0.4568, -1.0342, -2.2598, -1.5791, -1.8535, -0.5781, -0.4470, -2.1074, -2.0840, -2.6016, -1.4658, -2.6055, -0.9448, -0.0964, -1.2998, -1.9307, -1.3203, -0.3926, -0.1196, -0.7139, -1.0029, -2.5039, -1.3760, -0.3562, -0.3264, -1.6426,  0.5625, -2.2891, -1.1748,
        -1.3340, -0.3662, -2.2617, -1.4453, -2.3965, -1.9941, -0.8936, -1.3525,  0.0085, -1.0293, -0.1897, -1.6465, -0.9390, -1.0557, -0.7607, -2.3906, -0.1942, -2.6895])
