Weights Information:
# weights ver.2

Model Path: ../best.pt
Model Generated Time:   24-06-04, 20:02

Layer: model.21.cv2.bn.weight | Size: torch.Size([256])
tensor([2.0215, 0.9912, 0.7759, 0.9922, 0.8496, 1.1123, 1.1221, 0.8384, 1.0938, 1.0283, 1.1807, 0.8423, 1.1309, 1.1660, 1.1436, 0.8970, 1.2012, 1.4463, 1.8242, 0.8276, 0.8462, 0.7891, 0.7920, 0.7764, 0.8096, 1.1514, 0.8252, 0.7188, 1.4326, 1.6641, 1.1982, 0.7710, 0.8696, 1.1191, 0.9883, 0.9819, 1.1416, 1.0068, 0.9175,
        1.0840, 0.8682, 1.7979, 0.9297, 1.0127, 0.7075, 0.7271, 1.7461, 0.8315, 1.8652, 0.9272, 1.2500, 0.9072, 1.3623, 0.8252, 1.2324, 0.9106, 1.0713, 1.2969, 0.6523, 1.1436, 1.1875, 1.0293, 1.5879, 2.5840, 0.8755, 0.6890, 0.6743, 0.6616, 0.9937, 1.2041, 0.8413, 0.8281, 1.1348, 1.1748, 1.0596, 0.8691, 0.7749, 0.9922,
        0.9492, 1.4072, 0.8594, 1.0771, 1.1533, 0.9014, 0.8501, 1.1201, 0.7544, 0.7241, 1.2432, 1.1201, 0.8813, 1.4033, 0.8682, 0.7290, 1.4189, 1.0967, 1.3037, 1.0498, 0.7378, 1.2305, 0.8223, 0.8086, 0.9795, 1.2266, 0.8848, 0.8428, 1.0713, 0.7271, 0.9150, 0.8184, 0.9473, 0.9746, 0.9829, 1.0889, 1.1504, 1.1895, 1.4072,
        0.8965, 1.3955, 0.7100, 0.7852, 1.0068, 2.3496, 0.5449, 1.2266, 0.8569, 1.3711, 0.9463, 0.9839, 0.8003, 0.8149, 0.7852, 0.8755, 1.2090, 1.2705, 1.6455, 0.7812, 1.0371, 0.9390, 1.1562, 1.3242, 0.9819, 0.7666, 0.8291, 0.7915, 0.5996, 1.1592, 1.1592, 0.9302, 0.7178, 0.7612, 0.8813, 0.7285, 0.9697, 0.8140, 1.0625,
        1.1748, 0.8101, 0.8711, 1.0215, 1.1182, 1.0352, 1.3838, 0.8130, 1.0781, 1.1426, 1.4668, 0.9512, 1.2031, 0.8013, 1.5957, 0.9204, 1.0674, 1.3262, 1.0488, 0.6289, 0.8340, 0.9141, 0.5225, 1.3408, 0.8491, 0.8096, 0.7158, 0.5854, 0.8872, 1.2344, 0.6709, 0.9717, 0.7798, 0.8530, 0.9258, 0.7837, 1.9990, 1.1035, 0.7803,
        0.9561, 0.8481, 0.9561, 1.0107, 0.9824, 1.0215, 0.8384, 0.9346, 1.0459, 1.8438, 1.1953, 1.0732, 0.6646, 0.8608, 0.8926, 1.4580, 0.8062, 0.8647, 1.0078, 0.7266, 0.7661, 0.8525, 1.1533, 0.8823, 1.1309, 1.3604, 0.9990, 0.8447, 1.0225, 0.8477, 1.2900, 0.9375, 0.8994, 0.8687, 1.0352, 0.7227, 0.8667, 0.6899, 1.0293,
        1.0508, 1.2539, 0.8931, 0.8369, 1.1143, 0.9741, 1.2275, 1.1807, 0.7583, 0.8135, 1.3311, 1.1133, 1.8887, 1.1689, 1.5752, 1.1680, 0.8257, 0.7212, 1.1230, 0.8374, 2.9336, 0.8540])
