Weights Information:
# weights ver.2

Model Path: ../best.pt
Model Generated Time:   24-06-04, 20:02

Layer: model.12.cv1.bn.running_mean | Size: torch.Size([128])
tensor([ 0.2025,  0.0141, -0.0128,  0.2262,  0.1377,  0.0821,  0.0489,  0.0323,  0.0361,  0.1899,  0.0818,  0.0452, -0.0776,  0.0233, -0.0729, -0.0237,  0.0115,  0.0743,  0.1641,  0.2637,  0.0995,  0.0059,  0.2130,  0.1473,  0.1459,  0.1783,  0.0939,  0.2773,  0.1570,  0.0514,  0.0506,  0.1377,  0.2137,  0.0895,
         0.2279,  0.1097,  0.1094,  0.0716,  0.2898,  0.1251,  0.1486,  0.2671,  0.1708,  0.0695,  0.1487,  0.1350, -0.0663,  0.0660,  0.0712,  0.1465,  0.2009,  0.1153,  0.1876,  0.1201,  0.0860,  0.1680,  0.2227,  0.0840,  0.0942,  0.0934,  0.1692, -0.0712,  0.1211,  0.1716,  0.1544,  0.0426,  0.0111,  0.1757,
         0.1400,  0.0331,  0.2615,  0.0764,  0.0391, -0.0476,  0.0794, -0.0289, -0.1561,  0.0881,  0.1175,  0.4163,  0.1595,  0.1129,  0.2993, -0.0302,  0.0224,  0.2262,  0.0107,  0.2357,  0.1157,  0.1256, -0.0270, -0.0958, -0.0337,  0.0065,  0.0959, -0.1068,  0.1670,  0.1873,  0.3005,  0.1571,  0.2527,  0.1450,
         0.2678,  0.2712,  0.0850,  0.1378,  0.1677, -0.2903, -0.2842,  0.2089, -0.0458, -0.3174,  0.2190,  0.0397,  0.0390, -0.1785,  0.0942,  0.1807,  0.1236,  0.0190,  0.1223,  0.1598,  0.0764,  0.1021,  0.0417,  0.0697,  0.2568,  0.0458])
