Weights Information:
# weights ver.2

Model Path: ../best.pt
Model Generated Time:   24-06-04, 20:02

Layer: model.8.cv2.bn.weight | Size: torch.Size([256])
tensor([1.2148, 1.1982, 1.1787, 1.5742, 1.2695, 1.0117, 1.4922, 0.8491, 1.4668, 1.0820, 0.9312, 1.1191, 1.3906, 1.0215, 1.0986, 1.5283, 1.0488, 0.9834, 1.1152, 1.2266, 1.1230, 1.2314, 1.1904, 1.7588, 1.0977, 1.4756, 1.3076, 1.1240, 1.0420, 1.0195, 1.3027, 1.3408, 0.9951, 0.9707, 1.6113, 1.0391, 1.4766, 1.1309, 1.9033,
        1.0869, 1.1182, 1.2637, 0.9624, 1.1719, 1.0537, 1.1445, 1.6309, 1.1104, 1.3867, 1.2021, 1.0645, 1.5420, 1.4023, 1.1553, 1.0322, 0.9966, 1.0869, 1.4023, 1.1807, 0.9497, 1.1045, 1.2285, 1.0488, 1.0430, 1.1182, 1.0449, 1.1367, 1.6768, 0.9512, 1.2334, 1.1875, 1.4473, 1.1641, 0.9521, 0.7407, 1.1758, 0.7964, 0.9961,
        1.5176, 1.1152, 1.0000, 1.3877, 0.8682, 1.0928, 1.0176, 1.2080, 1.5596, 1.2070, 2.0781, 1.5332, 1.0410, 1.3770, 1.1738, 1.3672, 0.7026, 0.8940, 1.2256, 1.3711, 1.1846, 1.3984, 1.0518, 1.0986, 1.2568, 1.7412, 1.1934, 1.0869, 1.0889, 1.5664, 1.1367, 1.1699, 1.3799, 1.4648, 0.9756, 1.1426, 1.0742, 1.0508, 1.0654,
        1.4023, 1.0439, 1.2979, 0.8242, 0.8579, 0.8091, 1.3281, 1.3057, 1.1357, 1.2061, 1.0518, 1.0654, 1.2119, 1.0498, 1.2295, 0.9805, 1.0986, 1.5156, 1.1504, 1.1641, 1.1787, 1.0547, 1.2363, 0.8462, 1.4160, 1.2998, 1.1055, 1.1660, 1.1416, 1.4316, 0.9570, 1.1777, 1.1260, 0.9106, 1.0723, 1.2568, 1.1299, 1.1562, 1.0332,
        1.2646, 1.6074, 0.8608, 0.9956, 1.1123, 1.2773, 0.8916, 1.2637, 1.0850, 1.2715, 1.0986, 1.6084, 1.1201, 1.0127, 0.9624, 1.7197, 1.1016, 1.5205, 1.5068, 1.3428, 0.7554, 1.2637, 1.1494, 1.1982, 1.2305, 1.2559, 1.4414, 0.9067, 1.0713, 1.1328, 1.4160, 2.0586, 1.2549, 1.1162, 1.2568, 1.3213, 0.9688, 1.3633, 1.1562,
        0.9731, 1.1074, 1.4580, 1.1094, 0.9404, 0.7651, 1.1777, 1.1553, 1.2012, 1.2178, 1.3428, 1.0430, 1.0879, 1.4639, 1.3613, 0.9761, 1.2178, 0.9810, 1.2246, 1.2500, 1.7139, 1.7910, 1.0527, 0.8716, 1.2725, 1.4365, 1.1387, 1.3408, 1.0527, 1.1045, 0.9399, 0.9814, 1.1084, 1.3691, 0.9473, 1.1387, 1.5117, 1.0283, 1.0723,
        0.8662, 1.1953, 1.1650, 1.3936, 0.9551, 1.5537, 1.0254, 1.3301, 1.3398, 1.2949, 1.1943, 1.1670, 1.2773, 1.0420, 1.1289, 1.1221, 1.1924, 1.2441, 1.0527, 1.0498, 1.6387, 1.0791])
