Weights Information:
# weights ver.2

Model Path: ../best.pt
Model Generated Time:   24-06-04, 20:02

Layer: model.21.m.0.cv2.bn.weight | Size: torch.Size([128])
tensor([1.3145, 1.1631, 1.0732, 1.0166, 1.1855, 1.0664, 1.4297, 1.5752, 1.9912, 1.3154, 1.2881, 1.0732, 2.2012, 1.4395, 1.5566, 1.3633, 1.1953, 1.1367, 1.2568, 1.3945, 1.3105, 1.1445, 1.6445, 1.7383, 1.4727, 1.2471, 1.6895, 1.9814, 1.4463, 0.9497, 1.2393, 1.4902, 0.6797, 1.0918, 1.2158, 1.2295, 1.4121, 1.1455, 1.3232,
        1.4893, 1.1494, 1.4355, 1.5166, 1.2461, 1.3662, 1.2139, 1.3174, 1.2295, 1.3770, 1.5693, 1.2812, 1.4561, 1.3037, 1.3877, 1.2510, 1.3965, 1.3145, 1.6074, 1.7852, 1.4189, 1.1992, 1.5107, 2.0137, 1.1172, 1.2041, 1.4316, 1.3193, 1.4873, 1.3643, 1.4961, 1.2402, 1.3633, 1.1279, 1.4160, 1.1885, 1.5723, 1.1484, 1.1113,
        1.3057, 0.8687, 1.3047, 1.7158, 2.0391, 1.6982, 1.3184, 1.4746, 1.1699, 1.9492, 1.4043, 1.2783, 1.3848, 1.3428, 1.0850, 1.2510, 1.3740, 1.2070, 1.5078, 1.2412, 1.1982, 1.7285, 1.3291, 1.6494, 1.4502, 1.7568, 1.0801, 1.4170, 2.0996, 1.3223, 0.8730, 1.3066, 1.2695, 1.2520, 1.1152, 1.3486, 1.2549, 0.8696, 1.3516,
        1.3291, 1.2461, 1.2529, 1.5186, 1.3301, 1.3613, 1.3223, 0.9224, 1.4355, 1.3076, 1.1523])
