Weights Information:
# weights ver.2

Model Path: ../best.pt
Model Generated Time:   24-06-04, 20:02

Layer: model.6.cv2.bn.running_var | Size: torch.Size([128])
tensor([0.2319, 0.0983, 0.0720, 0.0856, 0.0709, 0.0906, 0.0688, 0.0814, 0.2032, 0.1013, 0.1451, 0.1140, 0.0568, 0.1090, 0.1819, 0.0645, 0.0749, 0.0843, 0.0703, 0.1141, 0.1638, 0.0958, 0.1033, 0.1055, 0.0796, 0.1057, 0.1266, 0.1315, 0.0676, 0.1492, 0.0767, 0.1050, 0.1962, 0.0991, 0.0820, 0.0996, 0.1001, 0.1042, 0.0824,
        0.1244, 0.0725, 0.1089, 0.0898, 0.0745, 0.0705, 0.0854, 0.1214, 0.0914, 0.1241, 0.1292, 0.1188, 0.0710, 0.0940, 0.0970, 0.0734, 0.0816, 0.0886, 0.1300, 0.1379, 0.0773, 0.0863, 0.1663, 0.1068, 0.0792, 0.0911, 0.1420, 0.0999, 0.1098, 0.1033, 0.1062, 0.1138, 0.0999, 0.1185, 0.0927, 0.1044, 0.1414, 0.0959, 0.0826,
        0.1393, 0.1444, 0.0931, 0.0950, 0.1599, 0.0889, 0.1254, 0.0792, 0.0953, 0.0983, 0.1234, 0.0803, 0.1262, 0.1381, 0.0797, 0.0690, 0.1179, 0.1080, 0.0594, 0.1385, 0.1890, 0.0719, 0.1101, 0.0877, 0.0873, 0.1129, 0.1075, 0.1000, 0.1316, 0.1096, 0.1149, 0.1094, 0.1973, 0.0931, 0.1124, 0.0901, 0.1304, 0.0807, 0.1002,
        0.0947, 0.1323, 0.0948, 0.0458, 0.1188, 0.0586, 0.1193, 0.1053, 0.0948, 0.0902, 0.0906])
