Weights Information:
# weights ver.2

Model Path: ../best.pt
Model Generated Time:   24-06-04, 20:02

Layer: model.6.m.0.cv2.bn.bias | Size: torch.Size([64])
tensor([ 1.5625e-01, -3.6084e-01, -4.7974e-01,  6.0107e-01,  4.0869e-01,  2.9639e-01,  6.2402e-01,  1.9739e-01, -3.7744e-01, -4.2676e-01,  4.5117e-01, -2.6172e-01, -3.8281e-01,  4.0747e-01, -7.9932e-01,  9.2346e-02,  4.2510e-04,  5.1074e-01,  4.1895e-01, -3.0542e-01, -1.4209e+00,  6.1572e-01, -9.6436e-02,  6.2408e-02,
        -9.7900e-01, -5.5029e-01, -7.3877e-01, -1.1611e+00, -1.5112e-01, -1.7712e-01,  2.2510e-01, -6.7932e-02, -1.7151e-01,  1.0000e+00,  2.3315e-01,  5.6934e-01, -2.8595e-02,  1.5356e-01,  5.3516e-01,  2.0081e-01, -6.3867e-01,  6.1127e-02,  1.1206e-01,  1.4221e-01, -5.4297e-01, -2.3987e-01,  1.0332e+00, -3.3398e-01,
        -9.1553e-01, -9.5276e-02, -2.7588e-01, -2.9968e-02,  5.8154e-01, -1.3965e-01, -1.4441e-01, -2.0227e-01,  1.0370e-01, -1.5986e+00,  1.3257e-01, -1.2189e-01, -3.3911e-01, -7.7832e-01,  2.5162e-02,  4.8975e-01])
