[0.6        0.6        0.6        0.6        0.6        0.6
 0.6        0.6        0.6        0.6        0.6        0.6
 0.6        0.33333334 0.33333334 0.33333334 0.6        0.6
 0.6        0.6        0.6        0.6        0.6        0.6
 0.6        0.6        0.6        0.6       ] [0.6        0.6        0.6        0.6        0.6        0.6
 0.6        0.6        0.6        0.6        0.6        0.6
 0.6        0.33333334 0.33333334 0.33333334 0.6        0.6
 0.6        0.6        0.6        0.6        0.6        0.6
 0.6        0.6        0.6        0.6       ] [0.6        0.6        0.6        0.6        0.6        0.6
 0.6        0.6        0.6        0.6        0.6        0.6
 0.6        0.33333334 0.33333334 0.33333334 0.6        0.6
 0.6        0.6        0.6        0.6        0.6        0.6
 0.6        0.6        0.6        0.6       ] [0.6        0.6        0.6        0.6        0.6        0.6
 0.6        0.6        0.6        0.6        0.6        0.6
 0.6        0.33333334 0.33333334 0.33333334 0.6        0.6
 0.6        0.6        0.6        0.6        0.6        0.6
 0.6        0.6        0.6        0.6       ] [0.6        0.6        0.6        0.6        0.6        0.6
 0.6        0.6        0.6        0.6        0.6        0.6
 0.6        0.33333334 0.33333334 0.33333334 0.6        0.6
 0.6        0.6        0.6        0.6        0.6        0.6
 0.6        0.6        0.6        0.6       ] [0.6        0.6        0.6        0.6        0.6        0.6
 0.6        0.6        0.6        0.6        0.6        0.6
 0.6        0.33333334 0.33333334 0.33333334 0.6        0.6
 0.6        0.6        0.6        0.6        0.6        0.6
 0.6        0.6        0.6        0.6       ] [0.3647059  0.33333334 0.33333334 0.33333334 0.33333334 0.33333334
 0.33333334 0.33333334 0.33333334 0.33333334 0.33333334 0.33333334
 0.33333334 0.33333334 0.33333334 0.33333334 0.33333334 0.33333334
 0.33333334 0.33333334 0.33333334 0.33333334 0.33333334 0.33333334
 0.33333334 0.33333334 0.33333334 0.33333334] [0.33333334 0.33333334 0.33333334 0.33333334 0.33333334 0.33333334
 0.33333334 0.33333334 0.33333334 0.33333334 0.33333334 0.33333334
 0.33333334 0.33333334 0.33333334 0.33333334 0.33333334 0.33333334
 0.33333334 0.33333334 0.33333334 0.33333334 0.33333334 0.33333334
 0.33333334 0.33333334 0.33333334 0.33333334] [0.33333334 0.33333334 0.33333334 0.33333334 0.33333334 0.33333334
 0.33333334 0.33333334 0.33333334 0.33333334 0.33333334 0.33333334
 0.33333334 0.33333334 0.33333334 0.33333334 0.33333334 0.33333334
 0.33333334 0.33333334 0.33333334 0.33333334 0.33333334 0.33333334
 0.33333334 0.33333334 0.33333334 0.33333334] [0.6        0.6        0.6        0.6        0.6        0.6
 0.6        0.6        0.6        0.6        0.6        0.6
 0.6        0.33333334 0.33333334 0.33333334 0.6        0.6
 0.6        0.6        0.6        0.6        0.6        0.6
 0.6        0.6        0.6        0.6       ] [0.6        0.6        0.6        0.6        0.6        0.6
 0.6        0.6        0.6        0.6        0.6        0.6
 0.6        0.33333334 0.33333334 0.33333334 0.6        0.6
 0.6        0.6        0.6        0.6        0.6        0.6
 0.6        0.6        0.6        0.6       ] [0.6        0.6        0.6        0.6        0.6        0.6
 0.6        0.6        0.6        0.6        0.6        0.6
 0.6        0.33333334 0.33333334 0.33333334 0.6        0.6
 0.6        0.6        0.6        0.6        0.6        0.6
 0.6        0.6        0.6        0.6       ] [0.6        0.6        0.6        0.6        0.6        0.6
 0.6        0.6        0.6        0.6        0.6        0.6
 0.6        0.33333334 0.33333334 0.33333334 0.6        0.6
 0.6        0.6        0.6        0.6        0.6        0.6
 0.6        0.6        0.6        0.6       ] [0.6        0.6        0.6        0.6        0.6        0.6
 0.6        0.6        0.6        0.6        0.6        0.6
 0.6        0.33333334 0.33333334 0.33333334 0.6        0.6
 0.6        0.6        0.6        0.6        0.6        0.6
 0.6        0.6        0.6        0.6       ] [0.6        0.6        0.6        0.6        0.6        0.6
 0.6        0.6        0.6        0.6        0.6        0.6
 0.6        0.33333334 0.33333334 0.33333334 0.6        0.6
 0.6        0.6        0.6        0.6        0.6        0.6
 0.6        0.6        0.6        0.6       ] [0.6        0.6        0.6        0.6        0.6        0.6
 0.6        0.6        0.6        0.6        0.6        0.6
 0.6        0.33333334 0.33333334 0.33333334 0.6        0.6
 0.6        0.6        0.6        0.6        0.6        0.6
 0.6        0.6        0.6        0.6       ] [0.6        0.6        0.6        0.6        0.6        0.6
 0.6        0.6        0.6        0.6        0.6        0.6
 0.6        0.33333334 0.33333334 0.33333334 0.6        0.6
 0.6        0.6        0.6        0.6        0.6        0.6
 0.6        0.6        0.6        0.6       ] [0.6        0.6        0.6        0.6        0.6        0.6
 0.6        0.6        0.6        0.6        0.6        0.6
 0.6        0.33333334 0.33333334 0.33333334 0.6        0.6
 0.6        0.6        0.6        0.6        0.6        0.6
 0.6        0.6        0.6        0.6       ] [0.6        0.6        0.6        0.6        0.6        0.6
 0.6        0.6        0.6        0.6        0.6        0.6
 0.6        0.33333334 0.33333334 0.33333334 0.6        0.6
 0.6        0.6        0.6        0.6        0.6        0.6
 0.6        0.6        0.6        0.6       ] [0.6        0.6        0.6        0.6        0.6        0.6
 0.6        0.6        0.6        0.6        0.6        0.6
 0.6        0.33333334 0.33333334 0.33333334 0.6        0.6
 0.6        0.6        0.6        0.6        0.6        0.6
 0.6        0.6        0.6        0.6       ] [0.6        0.6        0.6        0.6        0.6        0.6
 0.6        0.6        0.6        0.6        0.6        0.6
 0.6        0.33333334 0.33333334 0.33333334 0.6        0.6
 0.6        0.6        0.6        0.6        0.6        0.6
 0.6        0.6        0.6        0.6       ] [0.6        0.6        0.6        0.6        0.6        0.6
 0.6        0.6        0.6        0.6        0.6        0.6
 0.6        0.33333334 0.33333334 0.33333334 0.6        0.6
 0.6        0.6        0.6        0.6        0.6        0.6
 0.6        0.6        0.6        0.6       ] [0.6        0.6        0.6        0.6        0.6        0.6
 0.6        0.6        0.6        0.6        0.6        0.6
 0.6        0.33333334 0.33333334 0.33333334 0.6        0.6
 0.6        0.6        0.6        0.6        0.6        0.6
 0.6        0.6        0.6        0.6       ] [0.6        0.6        0.6        0.6        0.6        0.6
 0.6        0.6        0.6        0.6        0.6        0.6
 0.6        0.33333334 0.33333334 0.33333334 0.6        0.6
 0.6        0.6        0.6        0.6        0.6        0.6
 0.6        0.6        0.6        0.6       ] [0.6        0.6        0.6        0.6        0.6        0.6
 0.6        0.6        0.6        0.6        0.6        0.6
 0.6        0.33333334 0.33333334 0.33333334 0.6        0.6
 0.6        0.6        0.6        0.6        0.6        0.6
 0.6        0.6        0.6        0.6       ] [0.6        0.6        0.6        0.6        0.6        0.6
 0.6        0.6        0.6        0.6        0.6        0.6
 0.6        0.33333334 0.33333334 0.33333334 0.6        0.6
 0.6        0.6        0.6        0.6        0.6        0.6
 0.6        0.6        0.6        0.6       ] [0.6        0.6        0.6        0.6        0.6        0.6
 0.6        0.6        0.6        0.6        0.6        0.6
 0.6        0.33333334 0.33333334 0.33333334 0.6        0.6
 0.6        0.6        0.6        0.6        0.6        0.6
 0.6        0.6        0.6        0.6       ] [0.6        0.6        0.6        0.6        0.6        0.6
 0.6        0.6        0.6        0.6        0.6        0.6
 0.6        0.33333334 0.33333334 0.33333334 0.6        0.6
 0.6        0.6        0.6        0.6        0.6        0.6
 0.6        0.6        0.6        0.6       ] 
[0.6        0.6        0.6        0.6        0.6        0.6
 0.6        0.6        0.6        0.6        0.6        0.6
 0.6        0.33333334 0.33333334 0.33333334 0.6        0.6
 0.6        0.6        0.6        0.6        0.6        0.6
 0.6        0.6        0.6        0.6       ] [0.6        0.6        0.6        0.6        0.6        0.6
 0.6        0.6        0.6        0.6        0.6        0.6
 0.6        0.33333334 0.33333334 0.33333334 0.6        0.6
 0.6        0.6        0.6        0.6        0.6        0.6
 0.6        0.6        0.6        0.6       ] [0.6        0.6        0.6        0.6        0.6        0.6
 0.6        0.6        0.6        0.6        0.6        0.6
 0.6        0.33333334 0.33333334 0.33333334 0.6        0.6
 0.6        0.6        0.6        0.6        0.6        0.6
 0.6        0.6        0.6        0.6       ] [0.6        0.6        0.6        0.6        0.6        0.6
 0.6        0.6        0.6        0.6        0.6        0.6
 0.6        0.33333334 0.33333334 0.33333334 0.6        0.6
 0.6        0.6        0.6        0.6        0.6        0.6
 0.6        0.6        0.6        0.6       ] [0.6        0.6        0.6        0.6        0.6        0.6
 0.6        0.6        0.6        0.6        0.6        0.6
 0.6        0.33333334 0.33333334 0.33333334 0.6        0.6
 0.6        0.6        0.6        0.6        0.6        0.6
 0.6        0.6        0.6        0.6       ] [0.6        0.6        0.6        0.6        0.6        0.6
 0.6        0.6        0.6        0.6        0.6        0.6
 0.6        0.33333334 0.33333334 0.33333334 0.6        0.6
 0.6        0.6        0.6        0.6        0.6        0.6
 0.6        0.6        0.6        0.6       ] [0.3647059  0.33333334 0.33333334 0.33333334 0.33333334 0.33333334
 0.33333334 0.33333334 0.33333334 0.33333334 0.33333334 0.33333334
 0.33333334 0.33333334 0.33333334 0.33333334 0.33333334 0.33333334
 0.33333334 0.33333334 0.33333334 0.33333334 0.33333334 0.33333334
 0.33333334 0.33333334 0.33333334 0.33333334] [0.33333334 0.33333334 0.33333334 0.33333334 0.33333334 0.33333334
 0.33333334 0.33333334 0.33333334 0.33333334 0.33333334 0.33333334
 0.33333334 0.33333334 0.33333334 0.33333334 0.33333334 0.33333334
 0.33333334 0.33333334 0.33333334 0.33333334 0.33333334 0.33333334
 0.33333334 0.33333334 0.33333334 0.33333334] [0.33333334 0.33333334 0.33333334 0.33333334 0.33333334 0.33333334
 0.33333334 0.33333334 0.33333334 0.33333334 0.33333334 0.33333334
 0.33333334 0.33333334 0.33333334 0.33333334 0.33333334 0.33333334
 0.33333334 0.33333334 0.33333334 0.33333334 0.33333334 0.33333334
 0.33333334 0.33333334 0.33333334 0.33333334] [0.6        0.6        0.6        0.6        0.6        0.6
 0.6        0.6        0.6        0.6        0.6        0.6
 0.6        0.33333334 0.33333334 0.33333334 0.6        0.6
 0.6        0.6        0.6        0.6        0.6        0.6
 0.6        0.6        0.6        0.6       ] [0.6        0.6        0.6        0.6        0.6        0.6
 0.6        0.6        0.6        0.6        0.6        0.6
 0.6        0.33333334 0.33333334 0.33333334 0.6        0.6
 0.6        0.6        0.6        0.6        0.6        0.6
 0.6        0.6        0.6        0.6       ] [0.6        0.6        0.6        0.6        0.6        0.6
 0.6        0.6        0.6        0.6        0.6        0.6
 0.6        0.33333334 0.33333334 0.33333334 0.6        0.6
 0.6        0.6        0.6        0.6        0.6        0.6
 0.6        0.6        0.6        0.6       ] [0.6        0.6        0.6        0.6        0.6        0.6
 0.6        0.6        0.6        0.6        0.6        0.6
 0.6        0.33333334 0.33333334 0.33333334 0.6        0.6
 0.6        0.6        0.6        0.6        0.6        0.6
 0.6        0.6        0.6        0.6       ] [0.6        0.6        0.6        0.6        0.6        0.6
 0.6        0.6        0.6        0.6        0.6        0.6
 0.6        0.33333334 0.33333334 0.33333334 0.6        0.6
 0.6        0.6        0.6        0.6        0.6        0.6
 0.6        0.6        0.6        0.6       ] [0.6        0.6        0.6        0.6        0.6        0.6
 0.6        0.6        0.6        0.6        0.6        0.6
 0.6        0.33333334 0.33333334 0.33333334 0.6        0.6
 0.6        0.6        0.6        0.6        0.6        0.6
 0.6        0.6        0.6        0.6       ] [0.6        0.6        0.6        0.6        0.6        0.6
 0.6        0.6        0.6        0.6        0.6        0.6
 0.6        0.33333334 0.33333334 0.33333334 0.6        0.6
 0.6        0.6        0.6        0.6        0.6        0.6
 0.6        0.6        0.6        0.6       ] [0.6        0.6        0.6        0.6        0.6        0.6
 0.6        0.6        0.6        0.6        0.6        0.6
 0.6        0.33333334 0.33333334 0.33333334 0.6        0.6
 0.6        0.6        0.6        0.6        0.6        0.6
 0.6        0.6        0.6        0.6       ] [0.6        0.6        0.6        0.6        0.6        0.6
 0.6        0.6        0.6        0.6        0.6        0.6
 0.6        0.33333334 0.33333334 0.33333334 0.6        0.6
 0.6        0.6        0.6        0.6        0.6        0.6
 0.6        0.6        0.6        0.6       ] [0.6        0.6        0.6        0.6        0.6        0.6
 0.6        0.6        0.6        0.6        0.6        0.6
 0.6        0.33333334 0.33333334 0.33333334 0.6        0.6
 0.6        0.6        0.6        0.6        0.6        0.6
 0.6        0.6        0.6        0.6       ] [0.6        0.6        0.6        0.6        0.6        0.6
 0.6        0.6        0.6        0.6        0.6        0.6
 0.6        0.33333334 0.33333334 0.33333334 0.6        0.6
 0.6        0.6        0.6        0.6        0.6        0.6
 0.6        0.6        0.6        0.6       ] [0.6        0.6        0.6        0.6        0.6        0.6
 0.6        0.6        0.6        0.6        0.6        0.6
 0.6        0.33333334 0.33333334 0.33333334 0.6        0.6
 0.6        0.6        0.6        0.6        0.6        0.6
 0.6        0.6        0.6        0.6       ] [0.6        0.6        0.6        0.6        0.6        0.6
 0.6        0.6        0.6        0.6        0.6        0.6
 0.6        0.33333334 0.33333334 0.33333334 0.6        0.6
 0.6        0.6        0.6        0.6        0.6        0.6
 0.6        0.6        0.6        0.6       ] [0.6        0.6        0.6        0.6        0.6        0.6
 0.6        0.6        0.6        0.6        0.6        0.6
 0.6        0.33333334 0.33333334 0.33333334 0.6        0.6
 0.6        0.6        0.6        0.6        0.6        0.6
 0.6        0.6        0.6        0.6       ] [0.6        0.6        0.6        0.6        0.6        0.6
 0.6        0.6        0.6        0.6        0.6        0.6
 0.6        0.33333334 0.33333334 0.33333334 0.6        0.6
 0.6        0.6        0.6        0.6        0.6        0.6
 0.6        0.6        0.6        0.6       ] [0.6        0.6        0.6        0.6        0.6        0.6
 0.6        0.6        0.6        0.6        0.6        0.6
 0.6        0.33333334 0.33333334 0.33333334 0.6        0.6
 0.6        0.6        0.6        0.6        0.6        0.6
 0.6        0.6        0.6        0.6       ] [0.6        0.6        0.6        0.6        0.6        0.6
 0.6        0.6        0.6        0.6        0.6        0.6
 0.6        0.33333334 0.33333334 0.33333334 0.6        0.6
 0.6        0.6        0.6        0.6        0.6        0.6
 0.6        0.6        0.6        0.6       ] [0.6        0.6        0.6        0.6        0.6        0.6
 0.6        0.6        0.6        0.6        0.6        0.6
 0.6        0.33333334 0.33333334 0.33333334 0.6        0.6
 0.6        0.6        0.6        0.6        0.6        0.6
 0.6        0.6        0.6        0.6       ] [0.6        0.6        0.6        0.6        0.6        0.6
 0.6        0.6        0.6        0.6        0.6        0.6
 0.6        0.33333334 0.33333334 0.33333334 0.6        0.6
 0.6        0.6        0.6        0.6        0.6        0.6
 0.6        0.6        0.6        0.6       ] 
[0.6        0.6        0.6        0.6        0.6        0.6
 0.6        0.6        0.6        0.6        0.6        0.6
 0.6        0.58431375 0.58431375 0.58431375 0.6        0.6
 0.6        0.6        0.6        0.6        0.6        0.6
 0.6        0.6        0.6        0.6       ] [0.6        0.6        0.6        0.6        0.6        0.6
 0.6        0.6        0.6        0.6        0.6        0.6
 0.6        0.58431375 0.58431375 0.58431375 0.6        0.6
 0.6        0.6        0.6        0.6        0.6        0.6
 0.6        0.6        0.6        0.6       ] [0.6        0.6        0.6        0.6        0.6        0.6
 0.6        0.6        0.6        0.6        0.6        0.6
 0.6        0.58431375 0.58431375 0.58431375 0.6        0.6
 0.6        0.6        0.6        0.6        0.6        0.6
 0.6        0.6        0.6        0.6       ] [0.6        0.6        0.6        0.6        0.6        0.6
 0.6        0.6        0.6        0.6        0.6        0.6
 0.6        0.58431375 0.58431375 0.58431375 0.6        0.6
 0.6        0.6        0.6        0.6        0.6        0.6
 0.6        0.6        0.6        0.6       ] [0.6        0.6        0.6        0.6        0.6        0.6
 0.6        0.6        0.6        0.6        0.6        0.6
 0.6        0.58431375 0.58431375 0.58431375 0.6        0.6
 0.6        0.6        0.6        0.6        0.6        0.6
 0.6        0.6        0.6        0.6       ] [0.6        0.6        0.6        0.6        0.6        0.6
 0.6        0.6        0.6        0.6        0.6        0.6
 0.6        0.58431375 0.58431375 0.58431375 0.6        0.6
 0.6        0.6        0.6        0.6        0.6        0.6
 0.6        0.6        0.6        0.6       ] [0.58431375 0.58431375 0.58431375 0.58431375 0.58431375 0.58431375
 0.58431375 0.58431375 0.58431375 0.58431375 0.58431375 0.58431375
 0.58431375 0.58431375 0.58431375 0.58431375 0.58431375 0.58431375
 0.58431375 0.58431375 0.58431375 0.58431375 0.58431375 0.58431375
 0.58431375 0.58431375 0.58431375 0.58431375] [0.58431375 0.58431375 0.58431375 0.58431375 0.58431375 0.58431375
 0.58431375 0.58431375 0.58431375 0.58431375 0.58431375 0.58431375
 0.58431375 0.58431375 0.58431375 0.58431375 0.58431375 0.58431375
 0.58431375 0.58431375 0.58431375 0.58431375 0.58431375 0.58431375
 0.58431375 0.58431375 0.58431375 0.58431375] [0.58431375 0.58431375 0.58431375 0.58431375 0.58431375 0.58431375
 0.58431375 0.58431375 0.58431375 0.58431375 0.58431375 0.58431375
 0.58431375 0.58431375 0.58431375 0.58431375 0.58431375 0.58431375
 0.58431375 0.58431375 0.58431375 0.58431375 0.58431375 0.58431375
 0.58431375 0.58431375 0.58431375 0.58431375] [0.6        0.6        0.6        0.6        0.6        0.6
 0.6        0.6        0.6        0.6        0.6        0.6
 0.6        0.58431375 0.58431375 0.58431375 0.6        0.6
 0.6        0.6        0.6        0.6        0.6        0.6
 0.6        0.6        0.6        0.6       ] [0.6        0.6        0.6        0.6        0.6        0.6
 0.6        0.6        0.6        0.6        0.6        0.6
 0.6        0.58431375 0.58431375 0.58431375 0.6        0.6
 0.6        0.6        0.6        0.6        0.6        0.6
 0.6        0.6        0.6        0.6       ] [0.6        0.6        0.6        0.6        0.6        0.6
 0.6        0.6        0.6        0.6        0.6        0.6
 0.6        0.58431375 0.58431375 0.58431375 0.6        0.6
 0.6        0.6        0.6        0.6        0.6        0.6
 0.6        0.6        0.6        0.6       ] [0.6        0.6        0.6        0.6        0.6        0.6
 0.6        0.6        0.6        0.6        0.6        0.6
 0.6        0.58431375 0.58431375 0.58431375 0.6        0.6
 0.6        0.6        0.6        0.6        0.6        0.6
 0.6        0.6        0.6        0.6       ] [0.6        0.6        0.6        0.6        0.6        0.6
 0.6        0.6        0.6        0.6        0.6        0.6
 0.6        0.58431375 0.58431375 0.58431375 0.6        0.6
 0.6        0.6        0.6        0.6        0.6        0.6
 0.6        0.6        0.6        0.6       ] [0.6        0.6        0.6        0.6        0.6        0.6
 0.6        0.6        0.6        0.6        0.6        0.6
 0.6        0.58431375 0.58431375 0.58431375 0.6        0.6
 0.6        0.6        0.6        0.6        0.6        0.6
 0.6        0.6        0.6        0.6       ] [0.6        0.6        0.6        0.6        0.6        0.6
 0.6        0.6        0.6        0.6        0.6        0.6
 0.6        0.58431375 0.58431375 0.58431375 0.6        0.6
 0.6        0.6        0.6        0.6        0.6        0.6
 0.6        0.6        0.6        0.6       ] [0.6        0.6        0.6        0.6        0.6        0.6
 0.6        0.6        0.6        0.6        0.6        0.6
 0.6        0.58431375 0.58431375 0.58431375 0.6        0.6
 0.6        0.6        0.6        0.6        0.6        0.6
 0.6        0.6        0.6        0.6       ] [0.6        0.6        0.6        0.6        0.6        0.6
 0.6        0.6        0.6        0.6        0.6        0.6
 0.6        0.58431375 0.58431375 0.58431375 0.6        0.6
 0.6        0.6        0.6        0.6        0.6        0.6
 0.6        0.6        0.6        0.6       ] [0.6        0.6        0.6        0.6        0.6        0.6
 0.6        0.6        0.6        0.6        0.6        0.6
 0.6        0.58431375 0.58431375 0.58431375 0.6        0.6
 0.6        0.6        0.6        0.6        0.6        0.6
 0.6        0.6        0.6        0.6       ] [0.6        0.6        0.6        0.6        0.6        0.6
 0.6        0.6        0.6        0.6        0.6        0.6
 0.6        0.58431375 0.58431375 0.58431375 0.6        0.6
 0.6        0.6        0.6        0.6        0.6        0.6
 0.6        0.6        0.6        0.6       ] [0.6        0.6        0.6        0.6        0.6        0.6
 0.6        0.6        0.6        0.6        0.6        0.6
 0.6        0.58431375 0.58431375 0.58431375 0.6        0.6
 0.6        0.6        0.6        0.6        0.6        0.6
 0.6        0.6        0.6        0.6       ] [0.6        0.6        0.6        0.6        0.6        0.6
 0.6        0.6        0.6        0.6        0.6        0.6
 0.6        0.58431375 0.58431375 0.58431375 0.6        0.6
 0.6        0.6        0.6        0.6        0.6        0.6
 0.6        0.6        0.6        0.6       ] [0.6        0.6        0.6        0.6        0.6        0.6
 0.6        0.6        0.6        0.6        0.6        0.6
 0.6        0.58431375 0.58431375 0.58431375 0.6        0.6
 0.6        0.6        0.6        0.6        0.6        0.6
 0.6        0.6        0.6        0.6       ] [0.6        0.6        0.6        0.6        0.6        0.6
 0.6        0.6        0.6        0.6        0.6        0.6
 0.6        0.58431375 0.58431375 0.58431375 0.6        0.6
 0.6        0.6        0.6        0.6        0.6        0.6
 0.6        0.6        0.6        0.6       ] [0.6        0.6        0.6        0.6        0.6        0.6
 0.6        0.6        0.6        0.6        0.6        0.6
 0.6        0.58431375 0.58431375 0.58431375 0.6        0.6
 0.6        0.6        0.6        0.6        0.6        0.6
 0.6        0.6        0.6        0.6       ] [0.6        0.6        0.6        0.6        0.6        0.6
 0.6        0.6        0.6        0.6        0.6        0.6
 0.6        0.58431375 0.58431375 0.58431375 0.6        0.6
 0.6        0.6        0.6        0.6        0.6        0.6
 0.6        0.6        0.6        0.6       ] [0.6        0.6        0.6        0.6        0.6        0.6
 0.6        0.6        0.6        0.6        0.6        0.6
 0.6        0.58431375 0.58431375 0.58431375 0.6        0.6
 0.6        0.6        0.6        0.6        0.6        0.6
 0.6        0.6        0.6        0.6       ] [0.6        0.6        0.6        0.6        0.6        0.6
 0.6        0.6        0.6        0.6        0.6        0.6
 0.6        0.58431375 0.58431375 0.58431375 0.6        0.6
 0.6        0.6        0.6        0.6        0.6        0.6
 0.6        0.6        0.6        0.6       ] 

