Weights Information:
# weights ver.2

Model Path: best.pt
Model Generated Time:   24-06-04, 20:02

Layer: model.2.m.0.cv1.conv.weight | Size: torch.Size([16, 16, 3, 3])
tensor([[[[-1.5427e-02, -9.1553e-04,  5.1346e-03],
          [-2.6459e-02, -4.8340e-02, -1.1520e-02],
          [-1.7899e-02,  1.0120e-01,  1.9913e-02]],

         [[-1.7914e-02,  2.2736e-02,  2.3575e-03],
          [ 2.7634e-02,  7.1869e-03, -1.6846e-02],
          [ 3.4088e-02,  7.4005e-03, -4.7760e-03]],

         [[ 2.1095e-03, -2.9007e-02, -1.4435e-02],
          [ 3.0106e-02,  3.7689e-02,  1.4229e-02],
          [-1.3535e-02, -3.5858e-02, -1.0269e-02]],

         [[ 1.3885e-03, -3.5362e-03,  1.8930e-03],
          [ 5.4665e-03,  1.5083e-02, -2.1301e-02],
          [-7.6866e-03,  1.5778e-02,  1.1856e-02]],

         [[ 7.1716e-03, -8.5678e-03,  1.4694e-02],
          [ 2.3956e-03,  2.3254e-02,  8.5602e-03],
          [-1.5160e-02, -3.7384e-02, -1.4008e-02]],

         [[ 5.8746e-03,  3.8567e-03, -5.0240e-03],
          [ 2.9159e-04,  3.2410e-02, -2.3468e-02],
          [-8.8806e-03, -1.6632e-03,  8.9569e-03]],

         [[-7.9041e-03,  7.3700e-03, -2.1973e-02],
          [-1.7471e-02, -2.3788e-02, -1.9684e-02],
          [-4.8431e-02, -9.6054e-03, -2.9114e-02]],

         [[-3.4210e-02,  1.6052e-01, -4.1992e-02],
          [ 2.9022e-02,  4.0356e-01, -7.3929e-03],
          [-1.0297e-01, -2.3975e-01, -1.1981e-01]],

         [[ 4.0779e-03, -9.3765e-03,  7.6485e-04],
          [-4.1077e-02,  5.0507e-02, -2.5768e-03],
          [-2.5208e-02,  3.3417e-02, -1.8921e-02]],

         [[-1.2131e-02, -3.5152e-03, -1.7710e-03],
          [-9.2163e-03, -4.1992e-02, -1.2794e-02],
          [ 1.4648e-02,  6.0394e-02,  3.0670e-03]],

         [[ 1.7252e-03, -1.3397e-02, -1.1044e-03],
          [-1.7914e-02, -3.4580e-03,  5.6343e-03],
          [-1.5602e-02,  8.4839e-03, -3.8853e-03]],

         [[-1.3092e-02, -1.8481e-01, -8.8196e-03],
          [-1.4076e-02, -3.0005e-01,  1.8311e-02],
          [ 8.0750e-02,  3.9673e-01, -8.1406e-03]],

         [[-1.0925e-02,  1.4526e-02, -7.2765e-04],
          [ 1.3103e-03, -3.0075e-02, -9.6130e-04],
          [-3.2878e-04, -3.9398e-02, -1.4633e-02]],

         [[-4.6616e-03,  2.2545e-03, -1.6998e-02],
          [ 2.4891e-03, -4.3221e-03, -4.0131e-03],
          [-1.2077e-02,  9.6817e-03, -1.5556e-02]],

         [[ 6.4850e-03,  2.2888e-02,  7.6714e-03],
          [-1.8673e-03, -2.1622e-02, -1.0712e-02],
          [ 1.7624e-02, -3.0945e-02,  1.5854e-02]],

         [[-4.5563e-02,  3.3173e-02, -2.1545e-02],
          [ 1.8341e-02, -3.3325e-02, -1.3695e-02],
          [ 1.7120e-02, -6.6566e-03,  7.4768e-02]]],


        [[[ 1.9806e-02,  2.1687e-03, -1.4160e-02],
          [ 5.4413e-02, -2.2412e-01,  3.7932e-04],
          [ 5.7800e-02,  1.7899e-02, -1.8906e-02]],

         [[-5.9891e-03, -1.8814e-02, -2.8381e-02],
          [-2.0706e-02, -2.1408e-02, -2.8030e-02],
          [-3.5889e-02,  9.2850e-03,  4.8103e-03]],

         [[ 4.2839e-03,  2.8591e-03, -3.9337e-02],
          [ 2.6077e-02, -6.8237e-02,  1.0139e-02],
          [ 2.6611e-02,  2.8549e-02,  2.1347e-02]],

         [[-2.8706e-03, -3.4714e-03, -5.7106e-03],
          [ 2.6184e-02, -2.3544e-02,  1.5129e-02],
          [ 2.5101e-03, -1.8387e-02, -2.0798e-02]],

         [[-2.3056e-02,  9.6664e-03, -3.3150e-03],
          [-4.4342e-02, -6.7993e-02, -2.7069e-02],
          [-2.8000e-02,  1.3733e-02,  2.1957e-02]],

         [[ 1.3456e-03,  4.0649e-02, -2.6993e-02],
          [ 1.9653e-02,  5.7587e-02,  6.3110e-02],
          [ 5.6267e-03, -1.5450e-02, -1.3077e-02]],

         [[-6.7253e-03,  3.1677e-02, -1.4748e-02],
          [ 4.2389e-02, -8.0505e-02, -1.4336e-02],
          [ 2.3163e-02,  1.5717e-03, -1.1223e-02]],

         [[-2.8885e-02,  4.5166e-02, -5.7953e-02],
          [ 1.9363e-02,  8.8318e-02, -3.0167e-02],
          [ 2.6840e-02, -8.8787e-04, -2.0523e-02]],

         [[-3.6526e-03,  3.4790e-02, -4.9515e-03],
          [ 1.6708e-02, -7.6904e-02, -7.9269e-03],
          [ 9.0332e-03,  1.3809e-02, -1.4175e-02]],

         [[ 9.2926e-03, -2.3132e-02,  2.4857e-02],
          [ 1.7456e-02, -5.6190e-03,  5.9631e-02],
          [-9.0790e-03, -2.3972e-02, -2.0050e-02]],

         [[-5.3329e-03, -1.2558e-02,  4.6806e-03],
          [ 1.0971e-02, -2.9251e-02,  1.0345e-02],
          [ 6.2904e-03, -5.4970e-03, -1.0071e-02]],

         [[ 3.4332e-02, -5.0293e-02, -1.1490e-02],
          [ 7.4646e-02, -2.2690e-02, -3.1891e-02],
          [ 2.5986e-02,  1.5778e-02,  1.6922e-02]],

         [[-9.7198e-03, -7.9880e-03,  2.6436e-03],
          [ 1.8417e-02,  3.7689e-02,  4.5685e-02],
          [-9.7122e-03,  1.8524e-02, -7.8659e-03]],

         [[-3.0884e-02,  3.7811e-02,  1.4511e-02],
          [ 1.5020e-03, -7.1899e-02, -8.4000e-03],
          [-2.1835e-02, -2.6276e-02, -3.7354e-02]],

         [[-2.3972e-02,  2.9343e-02,  2.8870e-02],
          [-8.3130e-02,  1.4819e-01,  3.8391e-02],
          [-6.1798e-02,  3.3905e-02,  3.6194e-02]],

         [[-7.2998e-02, -6.7596e-03,  1.9882e-02],
          [-4.8767e-02,  3.1641e-01,  4.0169e-03],
          [-6.7871e-02, -6.7932e-02, -5.2612e-02]]],


        [[[-6.3057e-03,  2.5101e-03,  3.7422e-03],
          [-2.3834e-02,  3.3779e-03, -8.9188e-03],
          [ 5.9319e-03,  2.2186e-02,  1.7578e-02]],

         [[-5.5428e-03,  8.1787e-03,  1.3550e-02],
          [ 2.1576e-02,  4.3030e-03, -1.3657e-02],
          [ 2.4597e-02,  3.6736e-03, -1.7227e-02]],

         [[-2.0294e-02, -6.7993e-02,  5.9052e-03],
          [-2.3544e-02, -3.1952e-02, -1.3763e-02],
          [ 3.7598e-02,  9.2651e-02, -1.0956e-02]],

         [[-8.6899e-03, -1.0742e-02, -1.5628e-04],
          [-1.1810e-02,  1.5381e-02, -4.5929e-03],
          [ 1.1108e-02,  1.5335e-02, -1.7662e-03]],

         [[ 5.4359e-03, -8.0643e-03,  1.2794e-02],
          [-5.7716e-03, -2.6321e-03, -1.5450e-02],
          [-1.2657e-02, -1.7822e-02, -1.0605e-02]],

         [[ 7.8380e-05,  4.9591e-03,  1.4858e-03],
          [ 5.7316e-04,  1.2245e-03, -1.1841e-02],
          [-8.1100e-03,  1.8988e-03, -3.5739e-04]],

         [[-1.5717e-02,  1.0757e-03, -1.8707e-02],
          [-2.7771e-02,  3.8391e-02, -5.2910e-03],
          [-3.7537e-02,  5.8990e-02, -1.3809e-02]],

         [[-3.9520e-02, -9.6375e-02, -1.9119e-02],
          [-6.9885e-02, -1.6431e-01, -7.4890e-02],
          [ 5.1117e-03,  5.0391e-01, -1.1269e-02]],

         [[-1.3741e-02, -3.5522e-02, -1.2703e-02],
          [-2.0035e-02, -2.3209e-02, -2.0187e-02],
          [-1.9135e-02, -1.3023e-02, -7.9269e-03]],

         [[-1.1368e-02,  7.6714e-03,  8.6880e-04],
          [ 1.0735e-02, -6.1836e-03,  1.0462e-03],
          [ 1.0292e-02,  9.6130e-03,  1.3771e-02]],

         [[-4.2572e-03, -1.5244e-02,  8.9741e-04],
          [-1.8784e-02, -5.1765e-03, -2.1988e-02],
          [-5.6877e-03,  1.1932e-02,  1.8494e-02]],

         [[-5.8823e-03,  1.1584e-01, -2.6566e-02],
          [ 9.9426e-02,  2.2144e-01,  1.6800e-02],
          [ 1.7120e-02, -4.7388e-01, -3.2449e-04]],

         [[-1.3313e-02,  1.8661e-02,  4.8561e-03],
          [-1.0994e-02, -9.8877e-03, -8.0490e-03],
          [-9.2163e-03, -2.0199e-03, -1.5793e-02]],

         [[-4.2038e-03, -1.0880e-02, -1.9302e-02],
          [-3.6755e-03,  3.1662e-04, -1.5167e-02],
          [-1.6663e-02,  4.8218e-02, -1.1406e-02]],

         [[ 1.0742e-02,  1.4481e-02,  3.0422e-03],
          [ 1.6928e-04, -3.2288e-02,  1.0040e-02],
          [ 1.3313e-03, -1.0094e-02, -8.7509e-03]],

         [[-3.2806e-02,  2.1561e-02,  5.1460e-03],
          [ 6.9008e-03, -8.2947e-02,  2.7161e-03],
          [ 2.1027e-02,  3.8025e-02,  2.5146e-02]]],


        [[[ 6.9923e-03,  2.7054e-02, -4.3793e-03],
          [-5.7129e-02, -1.0315e-01, -2.3499e-02],
          [ 2.1591e-02,  1.1847e-01,  2.8107e-02]],

         [[ 1.0834e-02,  2.7786e-02,  1.0796e-02],
          [ 1.0672e-03,  1.2817e-02,  1.0101e-01],
          [-6.5063e-02, -4.6936e-02, -1.3885e-02]],

         [[-2.1698e-02, -6.4087e-03, -4.1748e-02],
          [-1.3512e-02,  3.7476e-02,  2.1332e-02],
          [ 2.5360e-02,  1.0323e-02,  1.7029e-02]],

         [[ 4.5090e-03,  1.0704e-02, -4.2839e-03],
          [-9.9277e-04, -2.9659e-03,  7.6218e-03],
          [ 6.9084e-03, -1.5442e-02, -8.1787e-03]],

         [[-2.5986e-02, -3.6907e-03, -2.9251e-02],
          [-5.2002e-02,  4.6082e-02, -1.0864e-02],
          [-3.7842e-02,  2.0422e-01, -3.3173e-02]],

         [[-2.0466e-03,  1.6281e-02, -3.6346e-02],
          [-2.0599e-02,  2.3956e-02, -6.2195e-02],
          [ 1.0551e-02,  1.5251e-02,  2.1011e-02]],

         [[-2.1194e-02,  5.9128e-03, -1.4473e-02],
          [-1.6464e-02, -6.9389e-03,  3.2139e-03],
          [ 2.2003e-02,  1.3596e-02,  2.0142e-02]],

         [[-1.1421e-02,  1.2169e-02, -9.6283e-03],
          [ 1.0956e-02,  3.5522e-02, -4.1618e-03],
          [-6.5804e-03, -5.8228e-02,  1.1902e-02]],

         [[-1.3260e-02, -5.9738e-03, -3.3360e-03],
          [-9.5367e-03, -1.9150e-02, -1.1703e-02],
          [ 1.5823e-02, -1.9817e-03,  1.6861e-02]],

         [[ 6.4545e-03,  6.3477e-02,  3.7445e-02],
          [ 2.1042e-02, -5.1361e-02,  1.8723e-02],
          [ 1.0529e-02, -1.6589e-01,  1.1002e-02]],

         [[ 6.5851e-04, -7.1573e-04, -7.3929e-03],
          [ 3.3264e-03, -5.4321e-03, -5.9547e-03],
          [ 1.5411e-02, -6.2084e-04, -1.7109e-03]],

         [[-4.9362e-03, -2.5299e-02,  2.0828e-02],
          [-1.8005e-02, -1.5434e-02,  2.7710e-02],
          [-5.1804e-03, -5.6877e-03,  1.7197e-02]],

         [[-6.2866e-03, -5.3772e-02, -1.0765e-02],
          [ 1.0826e-02, -4.2542e-02,  2.0737e-02],
          [ 4.8180e-03, -2.9028e-01,  1.0620e-02]],

         [[-1.9875e-03,  3.3081e-02, -8.0824e-04],
          [-2.6077e-02,  1.2032e-02,  9.6130e-03],
          [ 2.8992e-02, -1.2311e-01,  1.8600e-02]],

         [[ 1.2772e-02,  2.2232e-02,  6.1836e-03],
          [ 2.1973e-02,  1.4290e-02, -4.4403e-03],
          [-4.7516e-02, -2.0584e-02, -3.4637e-02]],

         [[ 2.3483e-02,  1.5125e-01,  4.0710e-02],
          [ 1.2848e-02,  7.7087e-02, -1.9287e-02],
          [-5.3040e-02, -2.2876e-01, -4.3152e-02]]],


        [[[ 2.0599e-02,  1.1765e-02,  1.1955e-02],
          [-2.2354e-02,  3.3234e-02,  4.1223e-04],
          [-7.6561e-03, -9.7733e-03, -1.8982e-02]],

         [[-3.5706e-02, -3.0994e-05,  1.2268e-02],
          [-3.7155e-03, -1.5701e-02,  3.7289e-03],
          [ 2.5848e-02,  1.8234e-02,  5.1155e-03]],

         [[ 2.4887e-02,  4.2505e-01,  2.6764e-02],
          [-1.2177e-02,  6.9885e-03,  5.1975e-04],
          [-2.6276e-02, -3.8257e-01, -7.2144e-02]],

         [[-2.7542e-02, -1.9699e-02,  1.9180e-02],
          [ 6.1073e-03,  4.4861e-03, -9.1400e-03],
          [ 1.2711e-02,  2.9617e-02,  8.6784e-04]],

         [[-2.5940e-02, -2.0981e-02,  7.5865e-04],
          [ 1.7273e-02, -1.7563e-02, -1.0658e-02],
          [ 1.8936e-02,  7.9632e-04,  1.2161e-02]],

         [[-6.5384e-03,  1.8143e-02, -4.5807e-02],
          [ 6.2704e-05, -2.0676e-02,  1.4236e-02],
          [ 8.6365e-03, -1.7578e-02,  1.3474e-02]],

         [[-7.2975e-03,  3.3386e-02,  1.6922e-02],
          [-3.8116e-02,  1.3953e-01,  1.2955e-02],
          [ 9.6054e-03,  1.0632e-01,  3.6354e-03]],

         [[-4.1809e-02, -1.2878e-01, -6.0822e-02],
          [ 1.0262e-02,  7.6416e-02,  2.4551e-02],
          [-1.3664e-02,  9.8328e-02,  3.1067e-02]],

         [[ 4.2419e-03, -6.5247e-02, -1.9318e-02],
          [-9.1476e-03, -7.2571e-02, -1.3298e-02],
          [ 1.9684e-03, -1.1017e-01, -6.1684e-03]],

         [[ 5.1880e-03,  1.0338e-02,  2.1103e-02],
          [-1.9703e-03,  4.0359e-03, -1.9104e-02],
          [-1.3132e-03,  4.9629e-03, -1.1027e-04]],

         [[ 1.5884e-02,  8.4229e-03, -2.2064e-02],
          [-3.6106e-03,  1.0277e-02,  6.0081e-03],
          [-5.1765e-03, -2.1591e-02,  1.3344e-02]],

         [[-7.5806e-02, -1.8762e-01, -1.2772e-02],
          [-1.5533e-02, -1.5976e-02,  7.7286e-03],
          [ 8.3313e-02,  1.8958e-01,  3.5919e-02]],

         [[ 8.9025e-04, -7.1945e-03, -9.5129e-04],
          [-2.3136e-03,  4.4823e-03, -1.0176e-03],
          [-1.4877e-02,  4.5166e-02, -8.8263e-04]],

         [[-1.3542e-02,  3.8940e-02,  2.4891e-04],
          [-4.0703e-03, -1.3168e-02, -5.0688e-04],
          [ 1.2566e-02, -2.2415e-02,  4.2000e-03]],

         [[-1.5717e-02,  3.7872e-02, -2.4643e-02],
          [ 2.2888e-02, -1.8654e-03, -2.0172e-02],
          [-1.3115e-02, -5.4779e-02,  1.6449e-02]],

         [[ 1.0101e-02,  9.8022e-02,  1.9669e-02],
          [ 1.8417e-02, -3.7750e-02,  1.2405e-02],
          [-1.0956e-02, -5.9753e-02, -3.4637e-02]]],


        [[[ 5.4512e-03,  9.8953e-03, -4.0398e-03],
          [-2.3560e-02,  5.8411e-02,  4.7531e-03],
          [ 6.1188e-03, -2.8229e-02,  2.4216e-02]],

         [[ 2.4612e-02,  5.6183e-02, -1.2695e-02],
          [-1.3962e-02, -1.7853e-02, -6.7688e-02],
          [ 2.4628e-02, -7.5188e-03, -2.4353e-02]],

         [[-4.4556e-02, -1.7624e-02,  9.5398e-02],
          [-1.6956e-01, -3.2013e-02,  1.9238e-01],
          [-3.0457e-02, -1.9318e-02,  3.7354e-02]],

         [[ 2.9449e-03, -9.2926e-03, -3.2501e-03],
          [ 1.4084e-02, -1.0269e-02,  1.8188e-02],
          [-3.9625e-04,  1.4130e-02,  1.3527e-02]],

         [[ 1.1978e-02, -8.4763e-03,  2.2949e-02],
          [-2.6646e-03, -7.7637e-02, -2.9816e-02],
          [-1.7212e-02,  4.9530e-02,  6.0692e-03]],

         [[-2.6657e-02, -2.0462e-02, -5.8517e-03],
          [ 5.5695e-02,  3.3417e-02, -1.7380e-02],
          [-3.4546e-02,  2.7332e-03,  4.6158e-03]],

         [[-1.0941e-02, -2.3178e-02,  2.2690e-02],
          [-1.4603e-02,  1.4717e-02,  7.4272e-03],
          [-7.3814e-03, -2.1896e-02,  2.2430e-02]],

         [[-6.5796e-02, -5.5756e-02,  9.9121e-02],
          [-1.9324e-01, -5.7983e-02,  2.7905e-01],
          [-3.7079e-02, -7.8552e-02,  8.4656e-02]],

         [[ 5.2910e-03, -1.9348e-02,  2.5055e-02],
          [-5.4413e-02,  4.4159e-02,  2.0187e-02],
          [ 6.7024e-03, -2.0538e-02,  6.8016e-03]],

         [[ 2.1362e-03,  5.6702e-02,  8.0204e-04],
          [-2.4529e-03, -3.8544e-02, -7.5500e-02],
          [ 1.6068e-02, -5.3253e-03, -1.9272e-02]],

         [[ 5.8517e-03, -1.9516e-02,  4.8027e-03],
          [-2.2675e-02, -2.2385e-02, -1.2688e-02],
          [-3.4785e-04,  3.6983e-03, -1.6861e-02]],

         [[ 8.0078e-02,  6.9458e-02, -1.9373e-01],
          [ 3.6084e-01,  1.6724e-01, -3.7964e-01],
          [ 2.9663e-02,  2.2858e-02, -1.4575e-01]],

         [[-1.6769e-02,  9.1476e-03,  1.9852e-02],
          [-9.6664e-03,  3.3092e-03,  1.9897e-02],
          [ 4.0985e-02, -4.8676e-02, -1.2634e-02]],

         [[-1.9180e-02,  1.5671e-02,  4.1199e-02],
          [-2.8732e-02, -4.0710e-02,  2.2202e-03],
          [ 5.6267e-03, -3.9940e-03,  2.5253e-02]],

         [[ 7.3051e-03, -2.8915e-03, -1.8585e-02],
          [ 1.3458e-02, -8.3694e-03, -2.7344e-02],
          [-2.3285e-02,  1.9424e-02,  1.6434e-02]],

         [[-1.9012e-02,  1.6708e-02,  9.0866e-03],
          [-3.1052e-02, -5.4626e-02,  1.4069e-02],
          [-3.2318e-02,  2.5070e-02,  6.9031e-02]]],


        [[[-1.2459e-02,  2.0554e-02, -2.2079e-02],
          [ 1.8936e-02,  9.5177e-04,  1.8326e-02],
          [-3.4161e-03,  4.1077e-02,  6.4697e-03]],

         [[-2.7466e-02,  1.9363e-02,  7.0572e-04],
          [ 7.4036e-02,  2.2156e-01, -1.4465e-01],
          [ 2.1381e-03, -7.5951e-03, -1.2268e-01]],

         [[ 1.0307e-02,  3.4809e-04,  1.2794e-02],
          [ 6.4087e-02, -2.9221e-02,  5.4598e-04],
          [ 2.1301e-02, -5.0995e-02,  1.0406e-02]],

         [[ 1.4458e-03,  1.6068e-02,  1.2146e-02],
          [-1.5900e-02, -3.7140e-02,  5.6976e-02],
          [-1.6693e-02, -2.0618e-03,  2.2385e-02]],

         [[ 1.7609e-02, -2.6962e-02,  5.2261e-03],
          [ 1.4099e-02,  6.1951e-02, -4.2572e-02],
          [ 1.3626e-02,  3.8177e-02, -1.2306e-02]],

         [[ 1.2115e-02, -1.4320e-02, -2.7145e-02],
          [-3.9520e-02, -1.3269e-01,  1.7395e-01],
          [ 6.4392e-03,  2.3010e-02,  4.1290e-02]],

         [[ 1.3626e-02, -2.1038e-03,  3.0746e-03],
          [-2.6836e-03,  5.0125e-03,  3.5065e-02],
          [ 3.1338e-03,  1.1780e-02,  1.1528e-02]],

         [[-9.1476e-03, -1.4925e-03, -9.7122e-03],
          [ 7.2449e-02, -3.8391e-02,  2.6073e-03],
          [ 1.9089e-02, -2.7405e-02,  2.4139e-02]],

         [[ 1.1749e-02, -7.5388e-04,  4.2534e-03],
          [ 1.5793e-02,  2.6459e-02,  4.3869e-03],
          [ 9.7427e-03, -1.9089e-02,  1.4061e-02]],

         [[ 8.0414e-03,  2.4887e-02, -1.4740e-02],
          [-1.9272e-02,  7.8613e-02, -5.9265e-02],
          [-3.0457e-02, -6.0333e-02, -1.0181e-01]],

         [[ 3.1281e-03,  1.7105e-02,  1.7242e-02],
          [ 3.7117e-03, -1.2566e-02,  3.3936e-02],
          [-9.0866e-03, -1.2337e-02,  1.7609e-02]],

         [[-1.3763e-02, -6.2675e-03, -5.0774e-03],
          [-2.4216e-02,  9.8389e-02, -2.3453e-02],
          [-2.0096e-02,  1.9897e-02, -9.3155e-03]],

         [[-1.1892e-03,  1.0658e-02,  8.1100e-03],
          [-6.4163e-03,  9.6008e-02,  6.2561e-02],
          [ 7.0114e-03, -9.6924e-02, -3.3234e-02]],

         [[ 3.4119e-02,  9.5749e-03, -1.9485e-02],
          [-1.7700e-02,  1.0864e-01, -1.8738e-02],
          [ 1.7853e-02, -1.0956e-02, -5.8746e-02]],

         [[ 1.6418e-02,  1.5083e-02,  3.0396e-02],
          [ 1.0994e-02,  2.9709e-02,  4.7882e-02],
          [ 2.5635e-02,  5.5908e-02,  3.3508e-02]],

         [[ 3.1281e-02,  6.7932e-02, -2.0828e-02],
          [-5.1003e-03,  1.4783e-01, -6.4392e-02],
          [-7.8735e-03,  5.2673e-02, -3.0914e-02]]],


        [[[ 1.1988e-03,  5.5542e-03,  2.3518e-03],
          [ 8.3374e-02,  2.8168e-02, -7.9712e-02],
          [ 4.7180e-02,  7.8964e-03, -4.3823e-02]],

         [[ 2.3224e-02, -4.5013e-03,  3.5992e-03],
          [ 1.7868e-02, -8.5907e-03, -8.6899e-03],
          [ 1.9073e-02,  1.1421e-02,  1.5480e-02]],

         [[ 1.8387e-02, -1.6083e-02, -7.8659e-03],
          [ 1.7859e-01,  3.6499e-02, -2.1790e-01],
          [ 4.9835e-02,  2.0645e-02, -7.6233e-02]],

         [[-9.6035e-04,  2.8553e-03, -9.0027e-03],
          [ 4.8981e-02,  9.2224e-02,  8.9600e-02],
          [ 2.2003e-02,  4.8126e-02,  3.5980e-02]],

         [[-1.5549e-02,  9.0504e-04, -1.0262e-03],
          [-6.8604e-02, -3.7323e-02,  2.3331e-02],
          [-2.2640e-03, -6.4774e-03, -2.9175e-02]],

         [[-3.0193e-03, -6.8331e-04, -8.5754e-03],
          [-1.8520e-03,  4.6600e-02,  6.5002e-02],
          [ 5.6725e-03,  1.0201e-02, -1.8799e-04]],

         [[-1.7242e-02, -6.9695e-03,  2.4155e-02],
          [-4.4373e-02,  3.2562e-02,  9.0942e-02],
          [ 6.3660e-02,  2.0508e-02, -4.1534e-02]],

         [[-3.3264e-02, -7.8812e-03,  2.2858e-02],
          [-2.0154e-01,  5.5618e-03,  1.6577e-01],
          [-8.3130e-02, -2.9068e-03,  9.3689e-02]],

         [[ 1.0414e-02,  4.2057e-04, -2.3010e-02],
          [ 5.5756e-02,  5.6763e-03, -1.3538e-01],
          [-6.4209e-02, -1.7288e-02,  2.1362e-02]],

         [[ 5.5771e-03,  9.2163e-03, -1.0979e-02],
          [ 6.0486e-02, -1.1360e-02, -8.7158e-02],
          [ 1.5457e-02, -2.8133e-03, -3.4546e-02]],

         [[-5.9776e-03,  1.4763e-03, -8.7814e-03],
          [-2.3483e-02, -6.5796e-02, -5.3070e-02],
          [-2.4445e-02, -3.4332e-02, -3.7720e-02]],

         [[-2.7786e-02, -1.0628e-02,  3.0807e-02],
          [-2.5708e-01,  1.3924e-02,  2.1338e-01],
          [-6.2622e-02,  1.9426e-03,  9.5703e-02]],

         [[-8.5831e-05, -7.8201e-03, -1.3762e-03],
          [ 1.4725e-02,  2.6875e-03, -9.7656e-03],
          [-2.7252e-02,  1.6785e-02,  1.0139e-02]],

         [[-2.4986e-03,  2.0599e-03,  5.1079e-03],
          [ 1.8066e-02, -1.9272e-02, -4.3671e-02],
          [ 9.9373e-04, -1.1589e-02, -1.5526e-02]],

         [[-2.6993e-02,  5.0240e-03,  2.6215e-02],
          [ 1.3125e-04, -3.7170e-02,  3.3325e-02],
          [-9.6512e-03, -1.9852e-02,  1.0216e-02]],

         [[ 3.0441e-02,  8.8730e-03, -2.6108e-02],
          [ 1.2854e-01, -3.7632e-03, -1.2152e-01],
          [ 7.4158e-02,  2.0355e-02, -9.3811e-02]]],


        [[[ 1.8787e-04,  1.5717e-02,  5.1422e-03],
          [-3.7354e-02, -2.5000e-01, -4.6295e-02],
          [-2.2247e-02,  6.4819e-02, -1.2428e-02]],

         [[ 1.6983e-02,  1.8188e-02, -1.9058e-02],
          [ 4.9286e-02,  6.1310e-02,  3.5309e-02],
          [-3.6499e-02, -2.3441e-03,  2.2659e-02]],

         [[ 1.1459e-02, -1.9760e-02,  6.6681e-03],
          [ 2.9007e-02,  4.7852e-02, -1.0252e-03],
          [ 1.5869e-03, -1.2260e-02,  9.8648e-03]],

         [[ 3.8576e-04,  2.7100e-02,  4.9667e-03],
          [ 2.7485e-03, -1.3924e-02,  3.9711e-03],
          [-4.6120e-03, -8.0032e-03,  1.4267e-02]],

         [[-1.5854e-02, -6.1340e-03, -9.1782e-03],
          [-5.0964e-02,  2.6562e-01, -3.6102e-02],
          [-2.0126e-02, -3.3325e-02, -2.1179e-02]],

         [[ 1.6418e-02,  3.6346e-02, -9.0637e-03],
          [-2.7222e-02,  8.6365e-02,  1.1421e-02],
          [-1.2543e-02, -5.1422e-03,  2.1606e-02]],

         [[ 1.4162e-03,  6.3782e-03, -8.0490e-03],
          [-5.3749e-03, -3.9703e-02, -2.1744e-02],
          [-8.8806e-03,  7.6637e-03, -4.5433e-03]],

         [[ 6.3972e-03,  3.6926e-02,  7.5150e-03],
          [-8.7738e-03, -3.0273e-02,  5.0316e-03],
          [-8.4991e-03,  1.2703e-02, -1.8646e-02]],

         [[-3.3627e-03,  8.0032e-03, -1.0109e-02],
          [ 7.0047e-04, -1.0400e-01, -5.9471e-03],
          [-3.0289e-03, -4.4518e-03, -4.3068e-03]],

         [[ 2.5344e-04,  2.1103e-02,  2.2583e-02],
          [-4.0741e-03, -7.6599e-02,  1.7593e-02],
          [ 1.5099e-02,  4.1351e-02, -2.2095e-02]],

         [[-5.0259e-04,  2.5894e-02,  5.6190e-03],
          [ 1.1574e-02, -1.9562e-02,  6.8474e-03],
          [-9.8610e-04,  2.5864e-03,  1.0384e-02]],

         [[ 2.2781e-02,  5.0354e-02,  9.2545e-03],
          [-2.1622e-02, -1.2024e-02,  2.3155e-03],
          [-7.1716e-03, -5.4359e-03, -7.5645e-03]],

         [[ 7.6675e-04, -2.5269e-02, -8.0585e-04],
          [-1.4351e-02, -3.8550e-01, -2.3087e-02],
          [ 2.5711e-03, -5.8212e-03,  2.8133e-03]],

         [[-8.0261e-03,  4.8126e-02,  6.9122e-03],
          [ 4.5891e-03, -5.9448e-02,  1.2146e-02],
          [ 2.8107e-02,  1.3008e-02,  1.0710e-03]],

         [[-5.3978e-03,  1.5854e-02,  3.1464e-02],
          [ 4.5090e-03,  7.6843e-02,  2.0218e-02],
          [ 3.1342e-02,  1.9897e-02,  6.9923e-03]],

         [[-6.1951e-03,  2.7985e-02,  2.3621e-02],
          [-3.6041e-02,  4.7516e-02, -2.5970e-02],
          [-1.2398e-02, -1.1589e-02,  9.2468e-03]]],


        [[[-1.5326e-03, -2.2491e-02, -2.3804e-02],
          [-3.0319e-02,  1.7944e-02, -6.0303e-02],
          [-2.2232e-02,  1.3380e-03, -5.1422e-02]],

         [[-3.0502e-02, -6.8045e-04,  4.7028e-02],
          [-1.2329e-01, -8.1055e-02,  1.4026e-01],
          [-3.7689e-02,  4.6570e-02,  1.4209e-01]],

         [[ 1.3756e-02,  1.9026e-03, -1.4259e-02],
          [-3.6255e-02,  5.6267e-03,  1.9226e-02],
          [-3.1128e-02,  4.3457e-02,  1.2886e-02]],

         [[ 2.8152e-03, -8.4877e-05, -1.2352e-02],
          [ 2.8267e-03,  4.5654e-02, -5.4443e-02],
          [ 1.2184e-02,  1.1650e-02, -1.0658e-02]],

         [[-1.2039e-02,  5.1178e-02, -2.3148e-02],
          [-2.9861e-02, -5.4565e-02,  1.7365e-02],
          [-2.3544e-02, -8.9844e-02, -2.7054e-02]],

         [[ 8.7280e-03,  1.1644e-03,  1.8234e-02],
          [ 4.3732e-02,  1.6980e-01, -2.0093e-01],
          [-1.2543e-02, -4.0344e-02, -8.4290e-02]],

         [[-4.8065e-03, -1.0902e-02,  1.5106e-03],
          [-1.2779e-02,  2.2537e-02, -2.7405e-02],
          [ 9.5444e-03, -2.2324e-02, -1.2985e-02]],

         [[-1.9669e-02,  7.0038e-03, -1.4816e-02],
          [-3.7903e-02, -3.5034e-02,  1.0834e-02],
          [-6.2065e-03,  7.4951e-02,  2.3956e-02]],

         [[-1.9119e-02, -7.0496e-03,  4.0359e-03],
          [-1.6785e-02, -1.3199e-02,  1.0361e-02],
          [ 4.0588e-03,  6.3095e-03,  1.2026e-03]],

         [[-2.3636e-02,  3.3264e-02,  1.1415e-03],
          [ 4.0245e-03, -1.5747e-01,  9.0393e-02],
          [ 1.7609e-02,  7.6660e-02,  6.2073e-02]],

         [[-5.2738e-04,  2.5082e-03, -6.1302e-03],
          [-1.1124e-02,  1.3634e-02, -3.3722e-02],
          [ 9.8801e-03,  7.2441e-03,  1.8921e-03]],

         [[ 1.7258e-02, -1.2199e-02,  2.3056e-02],
          [ 2.8641e-02, -1.7297e-01,  3.8055e-02],
          [ 4.0436e-02,  1.9638e-02,  3.2715e-02]],

         [[-2.2736e-02, -3.6377e-02, -3.4027e-02],
          [-1.2520e-02, -6.2042e-02, -5.8868e-02],
          [-2.4414e-02,  1.1292e-01, -6.0959e-03]],

         [[-2.2106e-03,  5.2223e-03,  2.3605e-02],
          [ 1.5137e-02, -1.3269e-01, -8.1024e-03],
          [-7.9727e-03,  3.7781e-02,  3.6469e-02]],

         [[ 4.7699e-02,  1.7792e-02,  6.1493e-03],
          [ 2.8458e-02,  4.2206e-02,  1.9226e-02],
          [-1.1375e-02, -2.6932e-03,  1.1116e-02]],

         [[-5.9509e-02, -1.3084e-02, -2.4872e-02],
          [ 7.7820e-03, -1.4624e-01, -2.0447e-03],
          [ 1.5936e-03,  2.8107e-02,  1.6159e-02]]],


        [[[-2.3712e-02,  3.1143e-02, -2.4216e-02],
          [-1.1633e-01, -1.5100e-01,  2.2437e-01],
          [-3.5858e-02, -1.4709e-02,  2.8992e-02]],

         [[-2.7061e-04, -2.2163e-03, -1.0460e-02],
          [ 2.6870e-04, -9.5510e-04, -7.7393e-02],
          [-8.7433e-03, -1.1589e-02, -2.2507e-02]],

         [[ 3.9530e-04, -6.1178e-04,  7.6027e-03],
          [-3.3142e-02, -1.4404e-02,  2.3560e-02],
          [-1.7212e-02, -5.1727e-03,  2.4979e-02]],

         [[-2.4071e-03,  6.2027e-03, -4.9858e-03],
          [ 1.4315e-03,  1.1627e-02, -9.8877e-03],
          [ 1.7719e-03, -2.8305e-03,  7.5102e-04]],

         [[-5.2795e-03,  1.1345e-02, -8.8272e-03],
          [ 1.1620e-02, -2.4292e-02,  4.1138e-02],
          [-4.5547e-03,  8.7321e-05, -4.7150e-03]],

         [[-5.9853e-03, -3.5744e-03, -2.7985e-02],
          [-2.8732e-02, -8.7646e-02,  2.7542e-02],
          [-1.3218e-03, -2.8820e-03,  6.8092e-03]],

         [[-2.1667e-03,  1.3618e-02, -4.9591e-05],
          [-7.1144e-03, -1.2192e-02,  1.8219e-02],
          [-3.0441e-03,  3.2387e-03,  2.0542e-03]],

         [[ 5.2567e-03,  3.2654e-03, -2.5513e-02],
          [-6.8855e-03,  5.4855e-03, -3.6896e-02],
          [ 2.3670e-03, -8.3008e-03,  1.2947e-02]],

         [[ 6.3038e-04,  7.0114e-03, -1.3306e-02],
          [-4.2686e-03, -7.5989e-03,  1.0727e-02],
          [-2.8992e-03, -5.3940e-03,  4.3640e-03]],

         [[-1.1475e-02, -1.5869e-02,  2.9011e-03],
          [-2.9083e-02, -1.5515e-01,  2.0496e-01],
          [-1.0086e-02, -1.6205e-02,  4.3182e-03]],

         [[-1.4448e-03, -2.8267e-03, -1.0811e-02],
          [ 2.6150e-03,  1.1055e-02, -2.4185e-02],
          [ 1.3336e-02,  5.7640e-03,  2.1954e-03]],

         [[ 7.3395e-03,  1.7532e-02, -3.8643e-03],
          [-3.4973e-02,  4.1138e-02, -5.6549e-02],
          [-1.6693e-02,  2.8000e-03,  5.0537e-02]],

         [[-2.0615e-02, -3.9368e-03,  3.2520e-03],
          [-9.0942e-03, -4.4189e-02,  3.5767e-02],
          [-1.9577e-02, -6.8893e-03,  1.9470e-02]],

         [[ 5.7335e-03,  2.5864e-02, -1.6617e-02],
          [-2.3743e-02,  3.7018e-02, -2.1393e-02],
          [-2.5711e-03,  7.6904e-03, -1.3542e-02]],

         [[ 8.7509e-03,  2.2629e-02,  1.0414e-02],
          [ 4.6539e-02,  7.2876e-02, -1.4380e-01],
          [ 2.4765e-02,  2.4662e-03, -3.9703e-02]],

         [[-1.9302e-02,  6.2469e-02, -5.0163e-03],
          [ 8.1543e-02,  2.7710e-01, -3.7744e-01],
          [-9.2392e-03,  4.1565e-02, -2.5360e-02]]],


        [[[-9.5825e-03,  1.0612e-02,  1.2138e-02],
          [ 2.6550e-02,  1.7120e-02, -1.5579e-02],
          [ 7.9269e-03,  1.1192e-02, -1.0704e-02]],

         [[ 3.3630e-02,  7.9651e-03,  6.3591e-03],
          [ 1.5701e-02, -2.2888e-02, -3.8330e-02],
          [ 2.0386e-02,  1.3199e-02,  3.2961e-05]],

         [[-2.7145e-02, -1.7517e-02,  3.4485e-02],
          [-2.6953e-01, -1.5198e-02,  2.3718e-01],
          [-1.0620e-01,  7.7324e-03,  1.0303e-01]],

         [[-1.3252e-02,  5.3902e-03, -3.2997e-03],
          [-4.3518e-02, -6.8909e-02, -3.9429e-02],
          [-9.7198e-03, -3.9337e-02, -2.5879e-02]],

         [[-7.9651e-03,  1.9989e-03, -2.0313e-03],
          [-7.5378e-02, -4.7180e-02,  2.4200e-02],
          [ 2.4475e-02,  6.0701e-04, -5.5603e-02]],

         [[-7.4921e-03, -7.6141e-03, -6.2904e-03],
          [ 1.7471e-02,  1.0413e-01,  1.1060e-01],
          [ 1.5198e-02,  2.2949e-02, -8.2779e-03]],

         [[ 3.1677e-02, -4.7722e-03, -3.9825e-02],
          [ 4.2664e-02, -2.5040e-02, -1.0223e-01],
          [-5.6488e-02, -1.8112e-02,  2.7954e-02]],

         [[ 2.5696e-02, -4.8218e-03, -4.4800e-02],
          [ 2.6099e-01,  5.2887e-02, -3.0029e-01],
          [ 8.5510e-02,  2.4438e-04, -9.0332e-02]],

         [[-3.0045e-02, -2.1172e-03,  2.5055e-02],
          [-5.4474e-02,  4.5105e-02,  8.1238e-02],
          [ 5.2887e-02,  2.6581e-02, -5.0964e-02]],

         [[ 1.6775e-03,  3.7670e-03, -1.1969e-03],
          [ 1.1002e-02, -3.1891e-02, -7.4402e-02],
          [-4.6997e-03, -5.6076e-03, -1.9043e-02]],

         [[ 1.5888e-03,  5.4169e-03, -1.4467e-03],
          [ 5.0964e-02,  1.0962e-01,  1.1041e-01],
          [ 3.0518e-02,  4.1443e-02,  2.4231e-02]],

         [[ 1.4038e-02,  2.2182e-03, -9.6207e-03],
          [-6.3477e-02,  1.8890e-02,  3.5767e-02],
          [-2.7939e-02,  1.8425e-03,  4.6143e-02]],

         [[ 1.5732e-02,  1.6546e-03, -1.8173e-02],
          [ 4.5288e-02,  2.9507e-03, -4.5502e-02],
          [-3.3752e-02,  3.9215e-03,  1.3313e-02]],

         [[-9.4376e-03, -7.6389e-04,  4.8676e-03],
          [-3.1799e-02, -1.7654e-02,  1.4503e-02],
          [-1.5274e-02, -9.3918e-03,  1.0078e-02]],

         [[-1.0490e-02, -3.0575e-03,  3.7212e-03],
          [-7.6752e-03, -4.3915e-02,  4.7760e-02],
          [-2.8519e-02, -2.6733e-02,  9.4833e-03]],

         [[-8.9455e-04,  1.8066e-02,  1.2703e-03],
          [-5.3436e-02, -2.0401e-02,  6.5369e-02],
          [-3.2787e-03,  1.8082e-02, -8.9951e-03]]],


        [[[ 2.8427e-02, -1.4404e-01,  1.1925e-02],
          [-6.0883e-02, -2.2253e-01, -5.5817e-02],
          [ 4.5013e-03,  2.7100e-01,  2.7756e-02]],

         [[ 3.9940e-03,  1.7319e-02,  1.8616e-03],
          [ 1.0849e-02,  5.8746e-03, -1.0361e-02],
          [-1.8158e-02, -4.6478e-02, -9.1600e-04]],

         [[-9.2926e-03, -6.0913e-02, -1.7910e-03],
          [-1.2913e-03,  2.4353e-02, -5.3215e-04],
          [ 1.0765e-02,  4.3610e-02,  1.6449e-02]],

         [[ 2.9945e-03,  1.3405e-02,  2.5635e-03],
          [-4.7302e-03, -1.1299e-02,  9.8190e-03],
          [ 1.4801e-02,  3.6964e-03,  3.5248e-03]],

         [[-1.7960e-02, -7.2083e-02, -2.1271e-02],
          [-1.6632e-02, -1.2115e-01, -2.2995e-02],
          [-1.6190e-02,  4.7882e-02, -1.7095e-04]],

         [[ 4.9651e-05, -3.2806e-02, -1.4954e-02],
          [-1.7075e-02, -6.4636e-02, -2.0142e-02],
          [ 8.5144e-03,  3.6621e-02,  1.2993e-02]],

         [[-6.5575e-03, -1.1490e-02, -5.1537e-03],
          [-7.6485e-03,  1.5175e-02, -4.6692e-03],
          [ 1.8585e-02,  1.8173e-02,  5.1918e-03]],

         [[ 2.9617e-02,  1.0788e-02,  1.1513e-02],
          [ 5.2643e-03,  1.1963e-02, -5.8403e-03],
          [-1.9836e-02, -3.5919e-02,  3.0727e-03]],

         [[-1.3374e-02, -7.6180e-03, -1.3756e-02],
          [-1.0101e-02,  7.1640e-03, -2.7405e-02],
          [ 6.6299e-03, -8.3847e-03,  1.9932e-03]],

         [[-1.3962e-03, -8.3374e-02, -1.1154e-02],
          [-1.1353e-02, -4.4525e-02, -2.3041e-02],
          [ 3.0396e-02,  1.4648e-01,  3.9673e-02]],

         [[ 3.1452e-03,  9.9792e-03, -5.3558e-03],
          [ 3.4542e-03, -4.9057e-03, -1.4763e-03],
          [ 5.3940e-03, -9.2468e-03,  1.7405e-03]],

         [[ 2.5879e-02, -1.0010e-02,  1.5617e-02],
          [-2.6054e-03,  5.6124e-04, -2.3178e-02],
          [-2.5196e-03, -6.2332e-03,  1.3260e-02]],

         [[-9.8648e-03, -4.6326e-02, -3.8090e-03],
          [-1.0254e-02, -1.0461e-01, -4.7922e-04],
          [ 4.6959e-03,  1.2189e-01,  1.9730e-02]],

         [[ 2.1332e-02,  2.3254e-02,  2.7328e-02],
          [ 1.3077e-02, -5.5161e-03, -1.4000e-02],
          [ 4.5547e-03, -6.9389e-03, -1.4351e-02]],

         [[ 1.0376e-02,  7.3608e-02,  2.2888e-02],
          [ 1.4267e-03,  7.0557e-02,  2.5879e-02],
          [-4.1473e-02, -1.3318e-01, -5.3558e-02]],

         [[ 4.2267e-02,  8.8257e-02,  3.2959e-02],
          [-2.3148e-02, -3.3283e-03, -2.0798e-02],
          [-1.4862e-02, -1.8103e-01,  7.4043e-03]]],


        [[[-4.7035e-03,  2.1289e-01, -1.6937e-02],
          [ 1.1911e-03, -1.3489e-01,  4.4417e-04],
          [ 8.5678e-03, -7.1167e-02,  4.2839e-03]],

         [[ 1.9836e-02, -3.3997e-02, -6.5002e-02],
          [-1.5434e-02,  2.8473e-02,  3.6926e-02],
          [-4.5319e-03,  2.1545e-02,  3.1189e-02]],

         [[ 2.2629e-02,  7.6172e-02,  1.7960e-02],
          [-1.0254e-02, -5.3772e-02, -1.0643e-02],
          [ 3.8719e-03, -1.5900e-02, -1.1559e-03]],

         [[-5.8289e-03,  5.0964e-02,  2.1759e-02],
          [-3.1281e-03, -3.7567e-02,  3.2501e-03],
          [ 8.3313e-03, -3.9940e-03, -5.8022e-03]],

         [[ 1.5350e-02,  1.7847e-01, -5.7793e-03],
          [-1.1520e-02, -7.5836e-03,  7.2556e-03],
          [-5.5199e-03,  2.3937e-04,  7.7362e-03]],

         [[-1.3016e-02,  7.9590e-02,  9.6283e-03],
          [ 1.4191e-02, -2.0615e-02, -3.6682e-02],
          [ 8.1635e-03,  4.7760e-03, -1.1320e-03]],

         [[ 1.6678e-02,  3.4363e-02,  2.7199e-03],
          [-8.1825e-04, -5.5359e-02, -6.4621e-03],
          [-6.3133e-03, -2.3079e-03, -8.4763e-03]],

         [[ 2.7145e-02,  4.1321e-02,  3.0319e-02],
          [-9.0027e-03, -8.4290e-02, -3.0029e-02],
          [ 2.0905e-02, -8.9467e-05,  6.0043e-03]],

         [[ 1.1353e-02,  2.8687e-02, -4.2839e-03],
          [-3.5763e-03, -3.8727e-02, -1.5251e-02],
          [-1.1269e-02, -9.3536e-03, -6.4163e-03]],

         [[ 2.2156e-02,  1.9455e-02, -8.9188e-03],
          [-1.1948e-02, -5.3558e-02,  1.1917e-02],
          [-2.5749e-03, -2.5864e-03, -6.0129e-04]],

         [[ 2.1152e-03,  4.0771e-02,  1.8890e-02],
          [ 4.6883e-03, -4.2267e-02, -1.7609e-02],
          [ 1.9817e-03,  1.1759e-03, -3.2005e-03]],

         [[ 3.4729e-02,  4.4586e-02,  3.7003e-03],
          [-2.7161e-02, -4.6631e-02, -2.8839e-02],
          [ 6.0577e-03,  1.4868e-03, -2.5902e-03]],

         [[ 7.9956e-03, -6.8542e-02,  6.0883e-03],
          [-1.7334e-02, -8.3618e-02,  1.1772e-02],
          [-1.0361e-02,  1.3077e-02,  1.5488e-02]],

         [[-1.0254e-02,  1.2598e-01, -2.4521e-02],
          [-2.3483e-02, -1.5637e-01, -3.0003e-03],
          [-4.6349e-03, -4.0955e-02, -9.3842e-03]],

         [[-5.1239e-02, -1.0730e-01, -2.9633e-02],
          [-1.4908e-02,  1.0919e-01,  3.3997e-02],
          [ 5.2986e-03,  4.6265e-02,  3.5431e-02]],

         [[-2.8976e-02, -1.5308e-01,  1.7563e-02],
          [-1.5228e-02,  1.2079e-01,  1.7471e-02],
          [ 1.2413e-02,  3.5645e-02,  4.0955e-02]]],


        [[[-5.3345e-02,  6.7673e-03,  3.0945e-02],
          [ 1.2036e-01, -2.7695e-02, -1.3110e-01],
          [ 2.6062e-02, -2.1042e-02, -3.6377e-02]],

         [[-5.6114e-03, -9.9335e-03, -1.1444e-02],
          [-4.9591e-02,  2.0782e-02,  4.6997e-02],
          [-2.1439e-02,  1.5930e-02,  7.7324e-03]],

         [[ 8.9722e-02, -1.2581e-02, -8.2520e-02],
          [ 2.0508e-01, -1.3527e-02, -2.0618e-01],
          [ 3.9276e-02,  4.8866e-03, -6.1035e-02]],

         [[ 8.0719e-03, -1.5965e-03,  9.3918e-03],
          [ 5.5084e-03, -8.5449e-03,  6.8207e-03],
          [ 1.0548e-03, -2.1317e-02, -1.2138e-02]],

         [[ 3.4576e-02, -8.0643e-03, -2.1133e-02],
          [ 7.4036e-02,  1.3748e-02, -3.2623e-02],
          [ 1.1110e-03, -1.2150e-03, -3.9795e-02]],

         [[ 3.0441e-03, -7.2289e-03, -2.9736e-03],
          [-3.0609e-02, -4.9591e-02, -3.7689e-02],
          [ 9.8343e-03,  1.7136e-02,  9.0179e-03]],

         [[ 1.8005e-02, -2.3842e-03, -9.1705e-03],
          [ 2.8046e-02, -1.4137e-02, -2.8580e-02],
          [ 6.9389e-03, -2.2411e-03, -1.8339e-03]],

         [[ 4.8561e-03,  4.6120e-03, -3.4393e-02],
          [ 2.8061e-02,  1.0109e-02, -5.4108e-02],
          [ 3.8513e-02, -2.2446e-02, -1.6281e-02]],

         [[-6.0463e-03,  1.0048e-02, -7.4539e-03],
          [ 1.8112e-02,  1.8854e-03, -1.6876e-02],
          [ 4.7379e-03,  3.0766e-03, -6.7368e-03]],

         [[-6.1920e-02, -4.9553e-03,  2.2186e-02],
          [-4.4830e-02,  3.0243e-02,  1.0596e-01],
          [-2.2888e-02, -2.5513e-02,  1.2825e-02]],

         [[ 1.4503e-02,  1.1429e-02,  5.3673e-03],
          [ 1.3863e-02,  1.5450e-02,  5.6229e-03],
          [ 6.3362e-03, -7.4005e-03, -1.5411e-02]],

         [[ 6.8176e-02, -6.3705e-03, -5.6610e-02],
          [ 8.5205e-02, -1.3969e-02, -1.1224e-01],
          [ 6.9580e-02, -7.7286e-03, -3.6926e-02]],

         [[-2.4841e-02,  6.2065e-03,  9.0179e-03],
          [-1.3710e-02, -5.1117e-04,  1.1749e-02],
          [ 1.1299e-02,  1.2741e-03, -1.1986e-02]],

         [[ 1.8997e-02,  1.1650e-02,  3.2234e-04],
          [ 3.0136e-02, -2.5978e-03, -6.2561e-02],
          [ 2.7542e-02,  1.4359e-02, -3.1311e-02]],

         [[ 2.0599e-02, -1.3107e-02,  2.4242e-03],
          [-1.9485e-02, -6.0577e-02,  5.3070e-02],
          [ 1.1612e-02, -1.7670e-02, -3.3054e-03]],

         [[-8.5571e-02,  6.6795e-03,  7.1106e-02],
          [-3.2642e-01, -3.9978e-03,  2.9712e-01],
          [-4.0985e-02,  7.4692e-03,  5.9479e-02]]],


        [[[ 4.8981e-03,  2.2568e-02,  1.4244e-02],
          [-3.0136e-03,  1.5236e-02,  1.4740e-02],
          [-3.8391e-02, -4.7112e-04,  4.7699e-02]],

         [[ 3.3264e-03,  1.9775e-02,  2.9297e-03],
          [ 1.7090e-02,  6.4888e-03,  4.5929e-03],
          [ 1.2184e-02, -6.2195e-02, -3.2654e-02]],

         [[ 6.2042e-02, -5.3902e-03,  8.0490e-03],
          [ 9.0698e-02, -1.2115e-01, -3.0365e-02],
          [ 5.6885e-02, -1.7471e-02, -1.0292e-02]],

         [[-3.5648e-03,  1.5976e-02,  1.4397e-02],
          [-2.5902e-03,  2.7390e-03, -3.9337e-02],
          [-1.0605e-02,  2.0279e-02,  3.3630e-02]],

         [[ 1.2886e-02,  2.7084e-03, -4.6043e-03],
          [-6.2988e-02, -1.0675e-01,  5.8960e-02],
          [ 2.2106e-03,  3.7689e-02, -6.6956e-02]],

         [[ 1.5001e-03, -1.8225e-03,  5.2910e-03],
          [-1.1505e-02,  3.9215e-02, -1.0645e-01],
          [ 2.8872e-04,  2.5116e-02,  2.1622e-02]],

         [[-4.5891e-03,  8.1024e-03, -6.1989e-04],
          [-9.7656e-03, -1.7746e-02, -2.0981e-02],
          [-2.9419e-02,  5.2643e-03,  4.4861e-03]],

         [[ 3.2349e-02, -5.5328e-02, -1.8631e-02],
          [ 1.3330e-01, -7.6233e-02, -2.5452e-02],
          [ 3.4790e-02, -2.3849e-02, -6.5498e-03]],

         [[ 1.7443e-03,  1.6800e-02, -1.4671e-02],
          [ 1.6602e-02, -1.7441e-02,  4.9095e-03],
          [ 4.9353e-04, -9.4299e-03,  1.1337e-02]],

         [[ 2.0432e-02, -1.0849e-02, -4.3091e-02],
          [-2.0782e-02, -5.2765e-02,  7.0435e-02],
          [-2.0065e-02, -3.7140e-02, -2.1942e-02]],

         [[ 1.0805e-03,  2.5272e-03, -1.9394e-02],
          [-7.9651e-03, -5.3497e-02, -1.2085e-02],
          [-1.6449e-02, -1.8311e-02, -1.3115e-02]],

         [[-9.9426e-02,  7.3975e-02, -7.7591e-03],
          [-1.2360e-01,  3.2959e-01,  6.9641e-02],
          [-2.1143e-01,  2.3708e-03, -3.7750e-02]],

         [[-1.3481e-02,  2.5192e-02,  7.2327e-03],
          [-4.2844e-04,  2.7695e-02, -5.3497e-02],
          [ 2.5665e-02, -7.1716e-02,  4.8309e-02]],

         [[-1.0368e-02,  3.8452e-02, -1.9867e-02],
          [-7.6477e-02, -3.1311e-02,  2.6596e-02],
          [ 3.9816e-04,  2.4948e-02,  2.9175e-02]],

         [[-2.5940e-02, -2.9205e-02,  5.0659e-03],
          [ 1.8448e-02,  2.0889e-02, -4.2816e-02],
          [ 3.5645e-02,  8.1863e-03, -9.3079e-03]],

         [[-2.3865e-02, -4.2450e-02, -6.0699e-02],
          [-3.3474e-03, -5.6114e-03, -3.1647e-02],
          [ 2.0050e-02,  6.1615e-02,  2.4918e-02]]]])
