Weights Information:
# weights ver.2

Model Path: best.pt
Model Generated Time:   24-06-04, 20:02

Layer: model.9.cv2.bn.running_mean | Size: torch.Size([256])
tensor([ 1.7578, -0.2910, -0.4233, -0.3743,  0.6855,  0.8833,  0.4512, -0.3499,  0.2676,  0.2023,  0.5317,  0.4919,  0.9438, -0.9912, -0.3967,  1.0264, -0.5513,  0.8550,  0.0146, -0.1417, -0.2390, -1.5537, -1.7393, -1.1074,  0.5923,  0.2673,  0.7593, -0.1697,  0.9771,  0.1936, -0.8652, -1.1289, -0.4983, -0.3120,
         1.6631, -0.8218, -0.5190,  1.2549,  1.1689, -0.5015,  0.2095,  1.0557, -0.7812,  2.7402,  0.3135,  0.1106,  0.7192,  0.4873, -1.2861, -0.2230,  0.2491, -0.1119, -0.4436,  0.7422,  0.5552, -1.9590, -1.4844,  0.3320,  0.4851, -0.6494, -2.7266, -0.0681,  0.4707,  0.2537, -0.4392, -2.7988,  0.5850,  1.2041,
         0.2756,  1.0977,  0.7666,  1.0322,  2.4961,  0.0322,  0.0757, -1.4668,  1.0254, -0.2234,  0.7163,  0.7153, -0.9707,  1.1611,  0.9863, -0.5776,  1.4609, -0.0067, -0.0809,  0.0335,  0.9502,  0.5796, -1.7725, -0.1141, -0.9375,  0.8896,  0.6982, -0.8848, -0.2191,  0.6079,  0.5469, -0.5273,  1.1074, -1.0312,
         1.0615, -0.2395,  0.6299,  0.1938,  1.0508, -0.6792, -1.2725,  0.8457, -0.0830,  0.3250,  0.6304, -0.4771, -0.6777,  0.1647,  1.6309, -0.8315,  0.6138, -0.4592,  0.2812,  0.1990,  0.2712,  0.6025,  0.4805, -0.4175,  0.8428,  1.6680,  0.4426, -2.3320, -0.1586,  0.3298, -0.4875,  0.5791,  0.7070,  2.1562,
         0.4888,  0.3887, -2.0781, -0.5068,  0.5425, -0.7407,  1.1973,  0.0804,  1.4570,  0.4478,  1.7744,  1.5049,  0.9575, -0.1494,  1.4102,  0.0113,  0.3088,  0.8477, -0.2168,  0.1069,  0.9546,  0.3164,  1.1475, -0.1324, -0.7998,  0.8931,  0.6240,  0.8848, -1.2998,  0.0547, -1.7441, -0.0802, -0.1978,  1.5596,
         0.8647,  0.7549,  0.4312, -0.0127, -0.5723, -0.4846, -0.7808, -2.5977,  0.0754,  0.6152,  0.5742,  0.2642,  0.3826,  0.4619,  0.4082,  1.0098, -0.7949,  0.0099, -0.9663,  0.8867, -1.0117,  0.9663, -0.9238,  0.0770,  1.3096,  1.2109,  1.8848,  0.2096,  0.1693,  0.6021, -0.7466, -0.1018, -0.7510, -2.1699,
         0.4531, -0.4207, -0.4629, -0.2142, -0.8477,  0.9604,  1.2383, -1.3486,  0.6406,  1.0244,  0.7593, -0.5786, -0.5698, -0.3621,  0.6475, -0.4272, -0.0493, -0.2166, -1.8477, -0.3203,  0.6802,  0.6333,  0.2416, -0.3435, -1.0244,  1.4014, -0.4663, -0.1175,  1.9766, -0.4238,  0.8462,  0.6069,  1.0342,  0.4956,
         0.5229,  0.0533,  0.2676,  0.4868, -0.0061,  0.7925, -0.3762, -0.9370,  0.8623, -0.8701, -1.8467,  0.0290,  0.4250, -0.0178, -1.0576,  0.4373,  1.9336,  0.5732])
