Weights Information:
# weights ver.2

Model Path: best.pt
Model Generated Time:   24-06-04, 20:02

Layer: model.21.m.0.cv2.bn.running_mean | Size: torch.Size([128])
tensor([-0.0137, -0.0797,  0.0312,  0.0293,  0.0668, -0.0218,  0.0433,  0.0345,  0.0757,  0.0512,  0.0562, -0.0254,  0.0958,  0.0295,  0.0280,  0.1098,  0.0704, -0.0343,  0.0600,  0.0724,  0.0550,  0.0150,  0.1090, -0.0070,  0.0648, -0.0119,  0.0157,  0.0418,  0.0411,  0.1614,  0.0409, -0.0223, -0.0528, -0.2852,
         0.0135,  0.0306, -0.0303, -0.0244,  0.0249,  0.1133,  0.0568,  0.0676,  0.0399,  0.0724,  0.0101, -0.0576,  0.0363,  0.0240,  0.0075,  0.0681,  0.0081,  0.0312,  0.0291,  0.0281,  0.0347,  0.0941, -0.0679,  0.0066,  0.0555, -0.0303, -0.0839,  0.0249,  0.0321,  0.0687, -0.0491,  0.0122,  0.0399, -0.0152,
         0.0927,  0.0959,  0.1406,  0.0852,  0.0045,  0.0413, -0.0447,  0.0940, -0.0175,  0.0134,  0.0596,  0.0075,  0.0465, -0.0261,  0.0426,  0.0822,  0.0593,  0.0775,  0.0294, -0.0278,  0.0350, -0.0487,  0.1672,  0.0413,  0.0034,  0.0098,  0.0392,  0.0373,  0.0363,  0.0263,  0.0728,  0.1257,  0.0720,  0.0253,
         0.0662, -0.0614,  0.0498,  0.0627,  0.1342,  0.0240, -0.0088,  0.0936,  0.0397,  0.2037,  0.0457, -0.0180,  0.0758, -0.0252,  0.0296,  0.1030,  0.0319,  0.0475, -0.0593,  0.0198,  0.0219,  0.0529, -0.0179,  0.1063, -0.0607, -0.0107])
