Weights Information:
# weights ver.2

Model Path: best.pt
Model Generated Time:   24-06-04, 20:02

Layer: model.21.m.0.cv1.bn.weight | Size: torch.Size([128])
tensor([1.1875, 1.2227, 1.0352, 0.6973, 1.1943, 1.2139, 1.1875, 0.6299, 0.5649, 1.0771, 1.0635, 1.1836, 0.8594, 1.2432, 0.6084, 1.0498, 1.1494, 0.6338, 1.0576, 0.9502, 0.9722, 1.0859, 1.1758, 1.0430, 1.0195, 0.9746, 1.3350, 0.6401, 1.0967, 1.0674, 1.2559, 1.2832, 0.9497, 1.0967, 1.2578, 1.3887, 1.1016, 1.2881, 1.0303,
        1.3613, 0.9946, 0.6348, 1.2969, 0.8594, 1.1377, 1.2275, 1.0830, 1.1953, 0.9268, 1.1016, 1.1299, 0.7949, 1.2207, 1.0029, 1.0830, 1.1494, 0.5806, 1.0049, 1.1348, 1.2480, 1.2461, 0.6567, 0.7935, 1.1123, 1.2070, 1.1514, 1.1133, 1.0527, 1.1885, 1.0518, 0.8105, 0.8047, 0.9766, 0.8364, 1.0664, 0.9722, 1.1719, 0.7817,
        0.6646, 1.1240, 1.0605, 1.1191, 1.1572, 1.0410, 0.4143, 1.2627, 0.9546, 1.3438, 1.1953, 1.2021, 0.9712, 0.9023, 1.3457, 0.6445, 0.6094, 1.2490, 1.0547, 1.0566, 1.1045, 1.2168, 0.9839, 1.1406, 0.7031, 1.1416, 1.1758, 0.8364, 1.1641, 1.2803, 1.0127, 0.8667, 1.0947, 0.8721, 1.2734, 0.8599, 1.2812, 1.1416, 1.3779,
        1.2129, 0.6255, 1.2686, 1.1738, 1.1172, 1.2520, 0.3118, 1.2627, 0.5508, 0.8091, 0.8530])
