Weights Information:
# weights ver.2

Model Path: best.pt
Model Generated Time:   24-06-04, 20:02

Layer: model.6.cv2.bn.running_mean | Size: torch.Size([128])
tensor([ 4.8340e-01, -5.5566e-01, -6.7578e-01, -6.4404e-01, -6.7383e-01, -5.2441e-01, -1.0332e+00, -3.8037e-01, -4.1431e-01, -9.5139e-03, -3.2422e-01, -5.9668e-01, -3.5278e-01, -1.5759e-01,  2.4036e-01, -5.8105e-01,  2.2681e-01, -5.0879e-01, -2.7148e-01, -1.9666e-01, -1.9495e-01, -1.7380e-02, -1.4526e-01, -1.2262e-01,
        -7.9773e-02,  5.5078e-01, -1.2274e-01, -2.5366e-01,  3.2196e-02, -5.0098e-01,  3.3203e-02, -1.5039e-01, -1.0391e+00,  1.6626e-01, -1.2927e-01, -5.3662e-01,  1.4923e-02, -2.9980e-01, -3.3234e-02,  1.1957e-01, -2.1252e-01, -5.7617e-01, -5.0098e-01, -1.8567e-01, -1.8030e-01,  5.5115e-02, -2.0520e-01, -1.1108e-01,
        -7.0703e-01, -3.3765e-01, -3.9459e-02, -5.9082e-01, -2.2473e-01, -5.7471e-01, -3.7524e-01, -2.0581e-01, -8.0322e-02, -5.6982e-01, -3.6353e-01, -4.9976e-01, -5.6348e-01, -3.4351e-01, -2.9370e-01,  8.0566e-02, -2.6440e-01, -3.7500e-01, -3.0762e-01, -4.9365e-01,  3.1128e-01, -1.1407e-01, -2.1191e-01, -1.5271e-01,
        -3.8354e-01, -2.2339e-01, -3.4521e-01, -3.9868e-01, -8.1250e-01,  6.8604e-01,  3.8184e-01, -2.2253e-01, -8.3838e-01, -3.5986e-01, -4.2456e-01,  3.2031e-01,  1.7838e-02, -5.2738e-04, -1.4075e-01, -2.0435e-01, -5.2930e-01, -6.3818e-01, -6.1572e-01, -2.2400e-01, -2.2354e-02, -1.3196e-01, -5.9473e-01, -3.6426e-01,
        -4.9731e-01, -6.3867e-01, -6.6797e-01, -3.2666e-01, -6.5857e-02, -4.5850e-01,  4.7290e-01, -4.3579e-01, -1.7822e-01, -4.5898e-01, -8.5889e-01, -4.1797e-01, -2.8125e-01, -6.0059e-01, -3.0273e-01, -7.5073e-02, -1.3879e-01,  1.9638e-02, -6.6223e-02, -3.0640e-01, -2.7905e-01, -5.3906e-01, -6.3379e-01, -3.3997e-02,
        -6.6455e-01, -2.4426e-01, -2.4670e-01,  7.3051e-03, -1.7651e-01, -6.1963e-01,  4.1534e-02, -3.1641e-01])
