Weights Information:
# weights ver.2

Model Path: best.pt
Model Generated Time:   24-06-04, 20:02

Layer: model.7.bn.bias | Size: torch.Size([256])
tensor([-0.7017, -0.6240, -0.8369, -1.1553, -0.7275, -1.5312, -1.6436, -0.6099, -0.8423, -1.3457, -0.8540, -0.3193, -1.0215, -0.2512, -0.6870, -0.9385, -0.9277, -0.6733, -0.3574, -1.0762, -0.0453, -0.4236, -0.3691, -0.1687, -1.3799, -0.5195, -0.7007, -0.5635, -1.5781, -0.0531, -0.9473, -0.5825, -1.1797,  0.0605,
        -1.0439, -0.1595, -0.9653, -0.6841, -1.8740, -1.0752, -0.4390,  0.4062,  0.1415, -1.1465, -1.2520, -0.7754,  0.1180, -1.1035, -0.3247, -0.9883, -0.6177, -1.0947, -0.4541, -0.5820, -0.2891, -0.7856, -0.4880, -0.7661, -1.0352, -0.2441, -1.2891, -1.5508, -1.1201, -1.2363, -0.8394,  0.3000, -0.3831,  0.2145,
        -1.2549, -1.3984, -0.5464, -1.2090, -0.4041, -0.5195, -1.3174, -1.0039, -1.1172, -0.9805, -0.5386, -0.4028, -0.4788, -0.5864, -0.4724, -0.1494, -1.1016, -0.7085, -0.5308, -0.5640, -0.6782, -0.8779, -0.0053, -1.0664, -0.8359, -0.5254, -0.9692, -0.3093, -0.9590, -1.5156, -1.3887, -1.4912, -0.9092, -1.2285,
        -0.6182, -0.5093, -0.6870, -0.8438, -0.6997,  0.3303, -0.7275, -1.1191, -1.1357, -1.8955, -1.5908, -1.2686, -0.7749, -0.4236, -0.2578, -0.8232, -0.1521, -0.9834, -0.6538, -0.3052, -1.2100, -0.7026, -0.1041, -0.6411, -1.0859, -0.5103, -0.5371, -0.1456, -0.4751, -1.4248, -0.5381, -1.0967, -1.1279, -1.3213,
        -0.5801,  0.0079, -0.2944, -0.7778, -0.8555, -0.1626, -0.1787, -0.7798, -0.4209, -0.9941, -0.0748, -0.7158, -1.4980,  0.0141, -0.6802, -0.7642, -0.9673, -0.9468, -1.0146, -0.6733, -1.0859, -0.4810, -0.7412, -1.0029, -1.0156, -1.3359, -1.1973, -1.1094, -1.1094, -0.1516, -0.4963, -0.3228, -0.7559, -0.7402,
        -1.0576, -0.3245, -0.6670, -0.5864, -0.2333, -0.8413, -0.7178, -2.0684, -1.1230, -0.6577, -0.7485, -1.1797, -0.9287, -0.6909, -1.0957, -0.4185, -0.6089, -0.3123, -0.2079, -0.3538, -1.2764, -0.2172, -0.6934, -0.5352, -0.8208, -0.9146, -1.0508, -1.5176, -0.0946, -1.1484, -0.8628, -1.2959,  0.2822, -0.9507,
        -0.6323, -0.8276, -0.0876, -0.8750, -0.0108, -0.8682, -0.6299,  0.1075, -1.2080, -0.2563, -0.8003, -0.0682,  0.1533, -0.8940, -1.0762, -0.4058, -0.6890, -0.7061, -0.8643, -1.1533, -0.9741,  0.4021, -1.1230, -0.6680, -0.7295, -0.1267, -0.3708, -1.0283, -1.0723, -0.1545, -0.3652, -0.2759, -1.5381, -0.4814,
        -0.3333, -1.1816, -0.5498, -0.4668, -0.8779,  0.1864, -0.5127, -0.7485, -0.9585, -1.1748, -0.3928, -0.8350, -0.8296, -0.7661, -0.8955, -0.1456, -0.3972,  0.2090])
