Weights Information:
# weights ver.2

Model Path: best.pt
Model Generated Time:   24-06-04, 20:02

Layer: model.2.m.0.cv2.conv.weight | Size: torch.Size([16, 16, 3, 3])
tensor([[[[-4.1733e-03, -3.6255e-02, -1.5686e-02],
          [ 7.2899e-03,  9.3384e-02,  2.0279e-02],
          [-1.0574e-02, -4.8920e-02,  9.1314e-04]],

         [[ 1.8661e-02,  1.0849e-02,  5.6343e-03],
          [-8.8562e-02, -9.9854e-02, -3.9459e-02],
          [ 4.9927e-02,  5.1544e-02,  3.8025e-02]],

         [[-1.7181e-02,  8.3466e-03, -1.9897e-02],
          [ 1.6235e-02,  6.2469e-02,  7.1526e-03],
          [-6.3515e-03, -1.2482e-02,  1.5030e-03]],

         [[-1.3779e-02,  1.0681e-01, -1.2619e-02],
          [ 1.6083e-02, -1.6089e-01,  1.5297e-02],
          [-4.3121e-02, -4.4067e-02, -2.4185e-02]],

         [[-8.3466e-03, -2.3178e-02, -2.1338e-04],
          [ 9.4681e-03,  6.1150e-03,  1.7273e-02],
          [-2.7191e-02, -1.8716e-04, -4.1313e-03]],

         [[ 2.1805e-02,  3.8177e-02, -1.4648e-02],
          [-2.4353e-02, -6.3293e-02,  2.0828e-02],
          [ 1.0551e-02, -4.5624e-03, -2.8744e-03]],

         [[ 1.0521e-02,  5.8228e-02,  1.0635e-02],
          [-8.8257e-02, -1.0059e-01, -2.8366e-02],
          [ 4.3762e-02,  5.4443e-02, -2.5101e-02]],

         [[ 3.4199e-03, -1.4412e-02,  1.2772e-02],
          [ 1.2550e-02, -3.5405e-04, -1.8906e-02],
          [ 1.1841e-02, -9.6359e-03,  3.3234e-02]],

         [[ 2.4292e-02, -1.4595e-02,  1.7914e-02],
          [ 9.0942e-02,  2.5513e-01,  6.8542e-02],
          [-8.8684e-02, -1.5186e-01, -6.3110e-02]],

         [[-5.3619e-02, -8.4961e-02, -1.1307e-02],
          [ 9.1919e-02,  1.5454e-01,  3.3081e-02],
          [-6.1829e-02, -5.1483e-02,  5.9509e-04]],

         [[ 1.3130e-02, -2.0157e-02, -2.4090e-03],
          [-2.0264e-02,  3.5461e-02,  1.0559e-02],
          [ 1.6998e-02, -1.9119e-02,  2.7504e-03]],

         [[ 4.9248e-03, -1.2466e-02,  8.8272e-03],
          [ 1.5129e-02, -1.0483e-02, -4.5967e-03],
          [ 2.2034e-02, -7.3700e-03,  3.5686e-03]],

         [[-2.3300e-02, -2.5238e-02, -1.4618e-02],
          [ 2.0828e-02, -1.0963e-02,  1.9531e-02],
          [-1.6769e-02, -1.6724e-02, -1.0635e-02]],

         [[-1.2749e-02, -1.5144e-02, -1.5778e-02],
          [-6.5804e-03, -2.0370e-02, -2.1515e-02],
          [-1.7822e-02,  8.5449e-02, -4.2267e-02]],

         [[-6.5269e-03,  2.1286e-02, -2.5043e-03],
          [ 1.6006e-02, -3.3844e-02,  3.8330e-02],
          [-3.1185e-03,  1.8768e-02, -6.5994e-03]],

         [[-5.2887e-02,  5.5054e-02,  1.4397e-02],
          [ 7.7332e-02, -3.9581e-02, -2.5818e-02],
          [-4.9316e-02, -2.6794e-02, -2.8519e-02]]],


        [[[ 1.9806e-02, -1.6724e-02, -1.9882e-02],
          [ 6.8512e-03,  4.3259e-03, -1.8752e-04],
          [-1.0590e-02, -1.5198e-02,  1.1925e-02]],

         [[-2.8549e-02,  4.0100e-02,  4.5715e-02],
          [ 6.9809e-03, -6.8420e-02,  4.6631e-02],
          [ 8.2153e-02,  1.6556e-02, -2.3865e-02]],

         [[ 1.3344e-02, -2.8397e-02, -1.8883e-03],
          [-5.7144e-03, -3.2959e-02, -4.3564e-03],
          [ 1.2962e-02, -1.9684e-02,  8.6060e-03]],

         [[-9.6588e-03,  1.0437e-01, -1.0724e-01],
          [-5.8044e-02,  1.2299e-01, -1.3054e-02],
          [-4.9896e-02, -1.4824e-02,  4.9683e-02]],

         [[ 9.2392e-03,  5.5790e-04, -1.3428e-02],
          [ 4.4441e-03, -1.7426e-02, -5.3787e-03],
          [-1.3161e-02,  1.5732e-02,  3.4161e-03]],

         [[-7.7286e-03,  6.8726e-02,  5.9814e-03],
          [ 1.1513e-02, -1.3208e-01, -2.2293e-02],
          [ 1.1154e-02,  5.5603e-02,  2.5024e-02]],

         [[-1.4854e-02,  1.5297e-02, -1.6479e-02],
          [-7.3730e-02,  4.5776e-02,  5.9052e-02],
          [ 6.3049e-02, -5.6976e-02, -4.3869e-04]],

         [[-6.0005e-03, -4.6110e-04,  8.9645e-03],
          [-5.0850e-03,  3.4760e-02, -1.2375e-02],
          [-3.9444e-03, -1.6083e-02,  4.0932e-03]],

         [[ 4.6783e-02,  2.8381e-02, -1.0339e-01],
          [-9.3811e-02,  2.9468e-01, -6.8298e-02],
          [-7.2693e-02, -6.3904e-02,  6.4575e-02]],

         [[-7.3967e-03, -6.4209e-02,  1.1497e-02],
          [ 1.0931e-01, -5.1849e-02, -5.1331e-02],
          [-6.0242e-02,  9.9548e-02,  1.5945e-02]],

         [[-4.2877e-03, -1.9485e-02, -8.2397e-03],
          [ 1.9440e-02,  1.9012e-02, -3.7365e-03],
          [-4.2801e-03,  1.6418e-02,  1.7643e-03]],

         [[-1.1635e-02,  6.2637e-03, -1.1034e-03],
          [ 2.2507e-03,  2.6932e-02, -1.3794e-02],
          [ 5.1956e-03, -2.4246e-02,  1.2329e-02]],

         [[ 1.0826e-02,  1.2102e-03,  3.0065e-04],
          [ 2.9312e-02, -5.9128e-03, -1.5732e-02],
          [ 3.1605e-03,  9.1324e-03,  3.1872e-03]],

         [[ 1.3481e-02,  6.9771e-03, -1.8555e-02],
          [-2.5589e-02, -1.3863e-02,  3.3081e-02],
          [-3.7567e-02, -5.0049e-02,  4.8920e-02]],

         [[-2.2186e-02, -1.1871e-02, -3.3531e-03],
          [ 2.1194e-02,  4.5105e-02, -4.4098e-03],
          [-1.5388e-02, -1.4076e-02,  2.3994e-03]],

         [[-8.0139e-02,  1.7807e-02,  1.3588e-02],
          [ 1.8945e-01, -2.3468e-02, -5.0812e-02],
          [-5.4749e-02,  1.0138e-03,  2.5894e-02]]],


        [[[ 2.2263e-02,  5.7709e-02,  3.0243e-02],
          [-1.7731e-02,  4.3213e-02,  2.4796e-03],
          [ 6.7291e-03, -4.4403e-02, -1.9394e-02]],

         [[-6.0692e-03,  7.7637e-02,  4.4342e-02],
          [-4.9622e-02, -1.2549e-01, -2.1454e-02],
          [-1.6647e-02, -2.6367e-02,  2.1454e-02]],

         [[-2.2781e-02, -1.0345e-01, -8.9417e-03],
          [-2.2415e-02,  8.2336e-02,  3.8391e-02],
          [ 4.0169e-03,  2.3911e-02,  1.0818e-02]],

         [[-1.1093e-02, -1.0559e-01, -7.0374e-02],
          [ 3.9764e-02, -1.2131e-02, -4.1626e-02],
          [ 1.1749e-02,  5.6427e-02,  3.2318e-02]],

         [[-1.1131e-02, -9.5581e-02,  1.7654e-02],
          [ 1.6794e-03, -1.0321e-01,  4.1077e-02],
          [ 3.3264e-02,  1.5308e-01,  3.8422e-02]],

         [[ 2.1915e-03,  3.4866e-03,  2.6291e-02],
          [-6.3820e-03,  1.0675e-01,  3.3325e-02],
          [-5.6458e-02, -7.2975e-03,  2.0493e-02]],

         [[-2.2781e-02, -5.0079e-02,  7.0007e-02],
          [-4.9744e-02,  3.7292e-02,  1.1243e-01],
          [-7.1220e-03,  5.5603e-02,  3.9337e-02]],

         [[-3.4546e-02,  3.2745e-02,  4.3213e-02],
          [-4.8920e-02,  6.4331e-02,  8.3862e-02],
          [-1.3748e-02, -1.0422e-02,  2.5894e-02]],

         [[ 3.7964e-02, -1.8585e-02,  2.6352e-02],
          [ 2.3270e-02, -1.0187e-01,  6.3232e-02],
          [-2.7962e-03, -6.0059e-02, -1.6891e-02]],

         [[ 3.3112e-02,  4.3274e-02, -5.3864e-02],
          [-1.8250e-02, -4.0245e-03, -5.3436e-02],
          [-5.2277e-02, -7.6111e-02, -3.3966e-02]],

         [[ 6.1607e-03,  6.0539e-03, -6.0692e-03],
          [ 1.0239e-02,  7.8186e-02, -1.0128e-03],
          [ 2.2644e-02,  7.4692e-03, -7.6637e-03]],

         [[ 1.8616e-02,  2.6917e-02,  5.6534e-03],
          [ 8.7204e-03,  4.3793e-02, -2.8336e-02],
          [ 3.2623e-02,  2.9312e-02, -2.6684e-03]],

         [[ 1.4740e-02, -4.6349e-03,  6.7663e-04],
          [-2.1652e-02,  3.8544e-02,  4.1168e-02],
          [-2.1622e-02, -1.0300e-02, -2.8152e-02]],

         [[-1.4954e-02, -6.6833e-02, -4.5227e-02],
          [-1.2177e-02, -5.9998e-02, -4.5227e-02],
          [-3.1586e-02,  2.0569e-01,  6.7505e-02]],

         [[ 2.5818e-02,  5.8167e-02,  1.0033e-02],
          [ 5.9280e-03,  1.8005e-02,  3.0685e-02],
          [ 2.4967e-03, -1.3771e-03,  2.4242e-03]],

         [[ 2.2461e-02,  5.7312e-02,  7.6111e-02],
          [-9.2407e-02, -6.5979e-02, -2.1545e-02],
          [-9.2745e-04,  6.8283e-04, -1.3718e-02]]],


        [[[ 3.0060e-02,  1.6418e-01,  3.7415e-02],
          [ 4.7638e-02,  2.0667e-01,  5.7007e-02],
          [ 1.0880e-02, -5.1956e-03,  1.3306e-02]],

         [[-8.1253e-04, -1.4511e-02, -4.5166e-03],
          [ 5.8441e-03,  6.1226e-03,  3.4237e-03],
          [ 5.1804e-03, -1.5701e-02,  9.7504e-03]],

         [[-9.3445e-02, -3.8025e-02, -3.5522e-02],
          [-5.2673e-02, -1.8835e-01, -6.6284e-02],
          [-2.2720e-02, -1.3257e-01, -4.7035e-03]],

         [[-1.1414e-02, -1.3100e-02, -3.2166e-02],
          [-1.9485e-02, -5.7922e-02, -2.9373e-02],
          [ 2.4586e-03, -3.0746e-02,  8.6823e-03]],

         [[-1.0700e-03,  5.9906e-02, -2.2583e-03],
          [ 2.5879e-02,  4.3091e-02,  5.3070e-02],
          [ 9.5291e-03,  3.9886e-02, -1.8501e-03]],

         [[ 4.5837e-02, -1.7441e-02, -3.2654e-02],
          [ 3.9978e-02,  4.8462e-02,  6.4354e-03],
          [-3.2959e-02,  1.0651e-02,  2.4918e-02]],

         [[ 8.8272e-03, -2.7359e-02,  1.6327e-02],
          [-2.0737e-02, -1.3519e-02, -1.3306e-02],
          [-1.0391e-02,  2.5803e-02, -2.1408e-02]],

         [[-3.5095e-03,  1.2672e-02,  1.5701e-02],
          [ 2.8763e-03, -1.3397e-02, -1.4130e-02],
          [-1.3237e-02, -2.1530e-02, -1.1452e-02]],

         [[ 6.9733e-03, -1.7288e-02,  3.4851e-02],
          [-2.2583e-03, -4.9438e-02, -6.7673e-03],
          [ 5.3978e-03,  6.2332e-03,  8.6517e-03]],

         [[-1.4172e-03,  5.2094e-02, -2.4557e-04],
          [-2.3956e-02,  6.3858e-03,  1.2268e-02],
          [-1.1314e-02, -3.6163e-02,  3.0861e-03]],

         [[ 2.4124e-02, -1.8873e-03, -7.2174e-03],
          [-3.2635e-03,  8.5983e-03,  3.5496e-03],
          [-5.2063e-02, -6.1226e-03,  3.1471e-03]],

         [[ 3.9330e-03, -9.7351e-03,  2.2602e-03],
          [-3.8376e-03, -3.2768e-03, -1.8204e-02],
          [ 8.2245e-03, -7.9041e-03, -1.7258e-02]],

         [[-3.2101e-03,  1.8982e-02,  5.6915e-03],
          [-1.5190e-02,  1.2396e-01, -1.1902e-03],
          [ 1.1330e-03, -1.2680e-02, -1.9550e-03]],

         [[-4.5700e-03,  1.6907e-02, -3.0861e-03],
          [-2.1118e-02,  1.0948e-02, -1.1017e-02],
          [-1.7746e-02,  5.2826e-02, -2.0332e-03]],

         [[-1.2215e-02,  1.1230e-02,  1.9119e-02],
          [ 7.1411e-03,  1.2808e-03, -9.4528e-03],
          [ 1.5154e-03, -1.1345e-02, -2.2690e-02]],

         [[-8.1825e-04, -9.0637e-02,  2.6474e-02],
          [ 5.5450e-02,  1.0666e-02, -6.9160e-03],
          [ 1.1742e-02,  6.2805e-02, -4.7211e-02]]],


        [[[-1.7920e-03,  2.0828e-02, -4.7272e-02],
          [-4.2725e-02,  1.2314e-02, -6.2561e-03],
          [-3.1586e-02,  2.5955e-02, -1.6891e-02]],

         [[ 2.7634e-02, -3.5034e-02,  4.8637e-03],
          [ 3.0289e-03, -5.5695e-02, -3.8483e-02],
          [ 4.6753e-02,  5.1117e-02,  2.6642e-02]],

         [[-6.1493e-02,  9.1858e-03,  1.0918e-02],
          [ 2.9388e-02,  9.3746e-04, -2.4231e-02],
          [-2.1057e-02,  3.0960e-02, -1.9257e-02]],

         [[ 6.1798e-03,  1.5091e-02,  2.1957e-02],
          [-2.0584e-02, -2.5116e-02,  5.5054e-02],
          [-1.4656e-02, -3.2928e-02,  2.6932e-03]],

         [[ 2.7294e-03,  3.8666e-02, -1.3481e-02],
          [-3.2440e-02,  4.7699e-02, -3.7323e-02],
          [-4.5532e-02, -9.8267e-03, -5.1575e-03]],

         [[-9.5291e-03,  1.3664e-02, -5.6648e-03],
          [ 1.6785e-02,  2.8931e-01,  7.9224e-02],
          [ 3.6945e-03,  3.6194e-02, -1.7273e-02]],

         [[-3.9330e-03, -1.9791e-02, -3.3569e-02],
          [ 4.0405e-02, -6.8604e-02, -5.0812e-03],
          [ 1.1932e-02, -1.9180e-02, -3.2959e-02]],

         [[-4.1809e-02,  9.0027e-02, -3.9642e-02],
          [ 7.4577e-04,  3.9868e-01, -5.7373e-03],
          [-2.1973e-02, -1.9745e-02, -3.3447e-02]],

         [[-9.5520e-03, -3.7460e-03,  1.0185e-03],
          [-3.5095e-02, -2.1057e-02,  1.3672e-02],
          [ 4.3452e-05,  3.8391e-02,  8.0795e-03]],

         [[-1.4595e-02,  3.1982e-02,  1.0010e-02],
          [ 1.5068e-02,  4.6204e-02,  2.2812e-02],
          [ 6.9809e-03,  2.6733e-02,  8.6899e-03]],

         [[-1.0155e-02,  4.8103e-03, -1.4847e-02],
          [ 6.0211e-02,  2.8906e-01,  4.7485e-02],
          [-1.1383e-02,  2.9724e-02, -1.1032e-02]],

         [[-4.3640e-02,  6.5552e-02, -2.4734e-02],
          [-1.8234e-02,  4.2163e-01,  2.6779e-02],
          [-2.5696e-02, -2.0462e-02, -2.3331e-02]],

         [[-2.8625e-02, -4.9896e-03, -2.6062e-02],
          [-5.0545e-03,  5.4138e-02,  2.0580e-03],
          [-2.5959e-03,  3.4504e-03, -6.2752e-03]],

         [[ 8.5907e-03, -2.3746e-03,  2.2095e-02],
          [ 2.8900e-02, -2.8172e-03, -8.0442e-04],
          [ 4.7607e-03, -1.9318e-02, -3.4088e-02]],

         [[-2.6993e-02, -1.3275e-02, -1.1688e-02],
          [-3.2471e-02,  3.0493e-01,  1.0384e-02],
          [-2.3636e-02,  7.8430e-02, -1.5778e-02]],

         [[ 2.1164e-02, -5.9540e-02, -4.5395e-03],
          [-1.5137e-02, -3.4637e-02, -6.1035e-02],
          [ 4.9896e-03,  2.8519e-02, -6.2904e-03]]],


        [[[ 1.5022e-02,  1.1047e-01,  4.8584e-02],
          [ 1.1627e-01,  3.4760e-02, -5.8975e-03],
          [ 2.4612e-02,  1.4410e-03, -1.0300e-02]],

         [[ 2.7176e-02,  3.0518e-03,  2.7008e-03],
          [-3.9886e-02, -9.4757e-03,  1.1337e-02],
          [ 2.4521e-02, -2.6428e-02, -3.3283e-03]],

         [[ 3.9276e-02, -9.4482e-02, -8.3740e-02],
          [-7.5195e-02, -1.1414e-01,  6.5041e-03],
          [-1.1803e-02, -2.9404e-02,  1.1604e-02]],

         [[ 1.4992e-02,  1.0986e-03, -3.5614e-02],
          [ 1.5656e-02, -3.0472e-02, -1.7944e-02],
          [ 1.3153e-02, -2.1362e-02,  1.9775e-02]],

         [[-3.6072e-02,  2.8900e-02,  1.6632e-02],
          [ 4.5502e-02,  8.9722e-02, -1.7014e-03],
          [ 3.2257e-02, -2.1561e-02, -1.2108e-02]],

         [[-2.7145e-02, -8.1055e-02, -6.7177e-03],
          [-1.0724e-01, -1.4954e-01, -5.3833e-02],
          [-9.6069e-02, -5.6030e-02,  1.2589e-02]],

         [[ 8.2245e-03,  4.3793e-03, -9.1629e-03],
          [-1.1921e-03,  3.4149e-02,  2.0386e-02],
          [-2.1835e-02,  1.1940e-02, -1.7462e-03]],

         [[ 5.2910e-03,  4.6463e-03,  9.6359e-03],
          [ 8.9874e-03, -5.4893e-03, -3.6133e-02],
          [-1.0170e-02, -5.3101e-03, -1.0948e-02]],

         [[ 1.9196e-02, -3.9787e-03,  1.7822e-02],
          [-1.0176e-03, -5.7281e-02, -2.5711e-02],
          [-2.3697e-02, -6.6996e-04,  3.4180e-02]],

         [[ 3.7476e-02,  2.1912e-02,  9.3002e-03],
          [ 2.7420e-02, -5.6549e-02, -3.7201e-02],
          [-1.1497e-02, -2.7466e-02,  7.1526e-04]],

         [[-8.6517e-03, -8.8425e-03,  1.6308e-04],
          [ 1.3458e-02, -2.1393e-02,  3.3188e-03],
          [ 1.5812e-03, -1.1053e-03,  5.1804e-03]],

         [[-2.1057e-02,  2.6169e-03,  9.5215e-03],
          [-3.3188e-04, -1.6708e-02, -2.2705e-02],
          [-2.7981e-03,  4.1580e-03,  1.6518e-03]],

         [[-4.4098e-03,  8.2855e-03,  8.6212e-04],
          [ 1.8463e-02,  1.0658e-02,  1.5915e-02],
          [ 6.4621e-03,  9.6130e-03, -1.3298e-02]],

         [[ 2.1591e-03, -1.2962e-02, -1.2932e-03],
          [-3.3665e-03,  2.0645e-02,  4.8294e-03],
          [-2.3361e-02,  2.5139e-03,  8.9569e-03]],

         [[ 5.9509e-03,  1.2733e-02,  1.4732e-02],
          [ 7.9803e-03, -3.7813e-04, -2.6657e-02],
          [-4.2038e-03, -4.2801e-03,  7.9651e-03]],

         [[-4.3457e-02,  2.0035e-02,  7.4921e-03],
          [-2.0035e-02,  1.6394e-01,  6.5979e-02],
          [ 2.3331e-02,  1.0468e-01, -2.3239e-02]]],


        [[[-4.3121e-02, -1.9165e-02, -3.5736e-02],
          [ 3.2673e-03,  4.0375e-02, -7.2746e-03],
          [-8.8730e-03, -1.5190e-02, -1.8356e-02]],

         [[ 3.6836e-05,  7.1030e-03,  8.9645e-03],
          [-6.5918e-03, -4.7516e-02, -9.7847e-04],
          [-2.1038e-03, -5.4688e-02, -1.7548e-02]],

         [[ 5.4703e-03,  5.2795e-02, -6.0616e-03],
          [ 2.8157e-04, -6.4087e-03, -9.3842e-03],
          [ 5.8327e-03,  1.7090e-02, -3.7155e-03]],

         [[ 1.4214e-02, -1.1192e-02,  4.9162e-04],
          [-1.4893e-02, -5.8899e-02, -1.5060e-02],
          [-2.0218e-03, -1.7242e-02, -1.6499e-03]],

         [[ 4.5853e-03, -8.1543e-02,  1.2985e-02],
          [-6.5796e-02, -3.7427e-01, -5.5267e-02],
          [-6.8665e-03, -1.8933e-01,  1.2848e-02]],

         [[-2.0447e-02, -5.6572e-03,  4.3373e-03],
          [ 2.2247e-02,  3.2623e-02,  2.7176e-02],
          [ 1.5221e-02, -1.2535e-02, -4.0619e-02]],

         [[-1.6800e-02, -3.3386e-02, -1.8311e-02],
          [-1.7624e-02, -3.9581e-02,  5.8708e-03],
          [-4.8180e-03,  1.3084e-02,  2.4643e-03]],

         [[-7.5989e-03, -1.7624e-02, -3.3905e-02],
          [ 2.6455e-03,  3.2074e-02, -1.4153e-02],
          [-1.8875e-02,  2.0203e-02,  2.3712e-02]],

         [[ 4.9133e-03, -1.3855e-02, -2.6215e-02],
          [ 1.9302e-02, -8.3237e-03, -4.9095e-03],
          [-2.3727e-02,  1.7059e-02,  1.0887e-02]],

         [[ 1.6525e-02,  3.2898e-02,  1.0414e-02],
          [-4.0703e-03,  1.6556e-02, -1.6418e-02],
          [-1.8433e-02, -3.4142e-03,  8.8406e-04]],

         [[-1.0900e-03, -1.0345e-02, -1.0017e-02],
          [-1.2749e-02,  3.4523e-03, -1.9089e-02],
          [-8.9417e-03,  4.1938e-04,  1.0674e-02]],

         [[ 6.0272e-03,  1.9180e-02,  7.1182e-03],
          [-6.4316e-03, -9.7809e-03,  1.2337e-02],
          [ 1.0384e-02, -1.6312e-02, -2.5650e-02]],

         [[ 4.8904e-03,  9.3689e-03,  9.4299e-03],
          [ 3.9363e-04,  1.6565e-01, -2.0771e-03],
          [ 8.0338e-03, -2.4185e-03,  5.6000e-03]],

         [[-7.7019e-03, -4.4632e-03, -7.1526e-04],
          [-1.2215e-02,  1.8600e-02, -6.4278e-04],
          [-7.6027e-03,  8.0811e-02,  7.3509e-03]],

         [[-7.9422e-03, -9.6798e-04,  2.1759e-02],
          [ 1.1129e-03,  4.9362e-03, -7.1640e-03],
          [ 1.4702e-02,  1.5612e-03, -2.5909e-02]],

         [[ 1.6479e-02,  7.3364e-02, -1.4954e-02],
          [ 5.6458e-02,  6.2378e-02,  5.3894e-02],
          [-3.6469e-02, -9.4360e-02, -7.4959e-03]]],


        [[[ 2.6215e-02, -6.7932e-02, -1.3588e-02],
          [-1.8896e-01,  1.9385e-01,  2.6684e-03],
          [-5.7770e-02,  5.6519e-02,  8.9788e-04]],

         [[-1.2720e-04,  9.5797e-04,  3.4924e-03],
          [-4.4830e-02,  1.9226e-02,  4.4289e-03],
          [-4.3274e-02,  5.0171e-02, -4.1626e-02]],

         [[-1.7346e-01,  2.0276e-01,  1.1009e-02],
          [ 5.8075e-02, -1.6518e-03, -1.4153e-02],
          [-2.4307e-02, -3.8391e-02, -1.1322e-02]],

         [[ 2.0157e-02, -3.0579e-02, -8.2245e-03],
          [-1.8707e-02,  2.6840e-02, -7.0648e-03],
          [-6.5565e-04,  4.9133e-03, -8.0795e-03]],

         [[-3.1769e-02,  2.2476e-02, -3.5278e-02],
          [-1.7258e-02,  5.6305e-03,  2.7969e-02],
          [ 5.9692e-02, -7.0374e-02,  2.1255e-02]],

         [[ 4.5227e-02, -3.4271e-02,  9.8944e-06],
          [ 8.9661e-02,  7.3547e-02, -8.1482e-02],
          [ 5.5176e-02, -1.3535e-02, -3.6240e-03]],

         [[-1.4771e-02, -9.7427e-03,  1.2505e-02],
          [-4.2534e-03, -8.4381e-03, -9.0332e-03],
          [-3.0289e-03, -8.1711e-03,  6.0806e-03]],

         [[-1.9131e-03,  2.2221e-03,  6.8016e-03],
          [ 1.8814e-02,  9.7275e-03, -1.5266e-02],
          [-1.3550e-02, -9.9030e-03,  2.4948e-03]],

         [[ 1.3809e-02, -2.3178e-02, -8.8959e-03],
          [ 1.1070e-02, -4.8065e-03,  1.0681e-02],
          [-3.5126e-02,  2.2171e-02,  1.0139e-02]],

         [[ 1.9348e-02, -7.2441e-03,  1.2312e-03],
          [-1.3039e-02, -1.6266e-02, -1.7151e-02],
          [-4.5662e-03, -9.8419e-03,  1.8282e-03]],

         [[-1.3695e-02, -8.8501e-03, -8.5526e-03],
          [ 4.7180e-02, -8.5020e-04,  1.3247e-03],
          [-2.7237e-02, -1.3123e-02,  1.0635e-02]],

         [[-1.2825e-02, -3.1433e-02,  1.5884e-02],
          [-5.6305e-03, -4.8218e-02,  1.3039e-02],
          [-4.1389e-03, -1.3863e-02, -5.3520e-03]],

         [[-2.7527e-02,  9.6741e-03, -2.1935e-03],
          [ 8.7662e-03, -3.0228e-02,  5.6152e-03],
          [ 4.4136e-03, -5.5313e-03,  4.7493e-03]],

         [[-2.8286e-03, -4.9629e-03, -7.4005e-03],
          [-3.7384e-03, -1.2131e-02,  1.7807e-02],
          [ 1.7868e-02, -4.8004e-02,  8.0719e-03]],

         [[-2.3098e-03, -2.6047e-02,  1.3428e-02],
          [-1.8225e-03,  1.7075e-02, -2.4490e-02],
          [ 8.9111e-03, -1.4009e-03,  1.4982e-03]],

         [[ 7.4577e-04, -4.1809e-02,  1.9012e-02],
          [ 8.0261e-02, -1.1951e-01,  1.0452e-02],
          [ 1.0933e-02, -2.2995e-02, -8.9417e-03]]],


        [[[ 7.6818e-04, -1.5076e-01, -6.8741e-03],
          [-4.0131e-02, -9.9548e-02, -4.8126e-02],
          [-1.5747e-02, -4.0314e-02, -2.4384e-02]],

         [[-7.4959e-03, -1.2543e-02, -7.4463e-03],
          [ 2.2202e-02, -1.0414e-02,  9.2316e-03],
          [-7.7972e-03, -2.9007e-02, -1.0254e-02]],

         [[ 3.3283e-03,  6.0608e-02,  1.1909e-02],
          [ 3.5919e-02,  1.6284e-01,  3.1342e-02],
          [-1.4587e-02,  7.9529e-02, -2.7359e-02]],

         [[-8.4610e-03, -6.5308e-02, -3.5095e-02],
          [-3.7750e-02, -1.0968e-01, -2.1255e-02],
          [-1.5434e-02, -2.0050e-02, -5.8212e-03]],

         [[-3.4515e-02,  7.5745e-02, -3.5645e-02],
          [ 4.5563e-02,  2.7539e-01,  2.8183e-02],
          [ 4.3983e-03,  7.9834e-02, -1.1703e-02]],

         [[-1.5656e-02,  1.6373e-02,  9.4376e-03],
          [ 8.0252e-04,  1.1892e-03,  4.7569e-03],
          [-6.6137e-04, -1.4290e-02, -5.9204e-03]],

         [[ 1.3596e-02, -1.8051e-02, -1.1871e-02],
          [-3.2440e-02, -2.8290e-02, -1.1396e-03],
          [ 3.6278e-03,  1.0437e-02, -4.5562e-04]],

         [[-5.2147e-03, -7.2250e-03,  3.7708e-03],
          [-4.6425e-03, -3.3760e-04, -3.5343e-03],
          [ 1.4257e-03, -1.1810e-02, -1.9516e-02]],

         [[ 1.4977e-02, -1.2863e-02,  1.4328e-02],
          [ 1.8875e-02, -1.1864e-02,  2.8553e-03],
          [-3.8033e-03,  2.0767e-02,  2.1164e-02]],

         [[ 9.0027e-03,  5.1422e-02,  1.1284e-02],
          [ 7.0724e-03,  7.3662e-03, -2.0809e-03],
          [-2.1927e-02, -2.7039e-02, -6.2866e-03]],

         [[ 5.8136e-03,  1.7948e-03, -2.8458e-03],
          [-2.6054e-03, -2.6665e-03,  8.3771e-03],
          [-3.1555e-02, -1.0979e-02, -1.3123e-02]],

         [[-7.7248e-03, -2.4551e-02, -3.3264e-02],
          [ 1.5518e-02,  2.4338e-02, -9.8267e-03],
          [-1.8799e-02,  7.3929e-03,  1.8723e-02]],

         [[ 3.5057e-03,  1.8692e-02,  6.9580e-03],
          [-6.2332e-03,  2.5220e-01, -5.5695e-03],
          [-1.3804e-04,  9.8495e-03, -1.0586e-03]],

         [[-4.5490e-04,  2.2034e-02,  1.4324e-03],
          [-1.2344e-02,  1.4366e-02,  1.7490e-03],
          [-2.2629e-02,  8.4290e-02,  7.6790e-03]],

         [[-9.2926e-03, -8.4076e-03,  9.3002e-03],
          [ 2.5284e-02,  8.0414e-03, -3.2673e-03],
          [ 1.2398e-03, -1.5354e-03, -3.1311e-02]],

         [[-7.1564e-03,  1.1353e-02, -8.3008e-03],
          [ 2.3712e-02,  4.3640e-02,  2.3804e-02],
          [ 7.7903e-05, -9.4147e-03,  1.0246e-02]]],


        [[[-6.0120e-02, -3.4332e-02,  4.1992e-02],
          [ 1.0181e-01, -5.1270e-02, -8.4106e-02],
          [ 2.7908e-02, -2.8076e-03, -1.5518e-02]],

         [[-5.2547e-04,  1.8021e-02,  2.9327e-02],
          [-4.2999e-02, -5.3864e-02,  5.6396e-02],
          [ 2.4902e-02, -7.0305e-03, -1.5640e-02]],

         [[ 1.2469e-01, -1.2009e-02, -1.0645e-01],
          [-1.7380e-02,  7.0953e-03,  6.3232e-02],
          [-2.9327e-02,  3.1109e-03, -7.1383e-04]],

         [[ 2.4399e-02, -1.7703e-04, -2.9892e-02],
          [ 3.4241e-02,  7.4434e-04,  4.7379e-03],
          [ 9.7504e-03,  5.7907e-03, -6.4354e-03]],

         [[-5.0110e-02,  8.8882e-03,  3.6652e-02],
          [ 3.5324e-03, -2.0157e-02, -1.6388e-02],
          [ 4.3274e-02,  2.6627e-03, -3.0014e-02]],

         [[-9.0088e-02, -7.2754e-02, -2.9266e-02],
          [-1.3745e-01, -2.1411e-01, -9.6863e-02],
          [-4.3182e-02, -1.2585e-01, -5.6244e-02]],

         [[-1.5854e-02,  2.0874e-02,  2.1896e-03],
          [-3.1250e-02,  8.1711e-03,  2.1133e-02],
          [-9.2239e-03,  1.5326e-03,  8.3387e-05]],

         [[ 6.3858e-03, -1.4915e-02, -1.1864e-02],
          [ 1.8311e-02,  6.3248e-03, -2.5604e-02],
          [-7.0763e-03, -8.2350e-04, -3.4256e-03]],

         [[ 1.2009e-02,  1.0239e-02, -1.5602e-02],
          [ 1.8082e-02,  2.6108e-02, -2.8839e-02],
          [-2.6672e-02,  5.1880e-03,  9.3536e-03]],

         [[ 3.8052e-03, -2.8259e-02,  3.3379e-03],
          [ 7.5111e-03, -2.6016e-02, -2.7679e-02],
          [ 2.1942e-02, -2.0035e-02, -1.8311e-02]],

         [[-4.6501e-03, -1.6968e-02, -5.1804e-03],
          [ 2.7359e-02, -6.1722e-03, -1.0254e-02],
          [-1.7176e-03, -1.2093e-02, -6.0997e-03]],

         [[-7.5264e-03, -3.5133e-03, -9.0790e-03],
          [ 1.3321e-02, -2.1393e-02,  7.0686e-03],
          [-5.2834e-03,  1.0824e-03, -4.0436e-03]],

         [[ 1.4999e-02, -1.6747e-03, -1.5419e-02],
          [ 5.7106e-03,  4.9133e-03, -3.2825e-03],
          [-1.2329e-02, -1.2741e-03, -5.9462e-04]],

         [[-6.5956e-03, -3.5152e-03, -6.4087e-03],
          [ 9.4223e-03, -4.7112e-03,  7.3776e-03],
          [-1.1726e-02, -2.7206e-02,  3.0670e-02]],

         [[ 5.7487e-03,  7.4434e-04,  5.3177e-03],
          [ 7.7286e-03, -7.1716e-03, -1.2375e-02],
          [-1.3533e-03, -2.4605e-03,  1.5488e-02]],

         [[ 1.9821e-02,  1.1395e-01, -2.7679e-02],
          [-7.6477e-02,  1.5955e-01,  1.1542e-01],
          [ 1.6815e-02,  7.1350e-02,  1.4793e-02]]],


        [[[ 1.9745e-02, -3.6407e-02, -1.9562e-02],
          [ 6.4468e-03,  2.0157e-02, -1.1963e-02],
          [ 1.8555e-02, -1.2161e-02, -8.9798e-03]],

         [[ 3.5286e-04,  3.7003e-04, -9.8114e-03],
          [ 4.1016e-02,  7.3395e-03, -5.1605e-02],
          [ 3.1006e-02,  3.0319e-02, -2.2888e-02]],

         [[ 1.3138e-02, -1.6327e-02, -3.0136e-02],
          [-2.8648e-03,  4.6539e-04, -2.2614e-02],
          [ 1.2413e-02, -4.9877e-04, -3.3169e-03]],

         [[-1.3954e-02,  3.5583e-02, -4.6814e-02],
          [-5.6854e-02,  1.9623e-02,  5.6763e-02],
          [-2.5879e-02, -1.1116e-02,  2.6184e-02]],

         [[-3.2368e-03, -1.8911e-03,  2.9793e-03],
          [ 6.8247e-05,  1.0475e-02, -9.9030e-03],
          [-1.1063e-02,  1.9379e-02, -1.0185e-02]],

         [[ 1.9287e-02, -1.1520e-02, -1.3184e-02],
          [ 1.5656e-02,  3.3569e-02,  8.3313e-03],
          [-6.8474e-03, -1.1444e-03, -2.1057e-02]],

         [[ 5.6824e-02, -6.9214e-02,  3.5038e-03],
          [ 1.9409e-01, -2.1851e-01,  3.2959e-02],
          [ 2.7481e-02, -2.0233e-02, -6.5536e-03]],

         [[ 1.3870e-02, -3.1830e-02, -3.3131e-03],
          [ 5.5389e-03, -3.0334e-02, -2.0264e-02],
          [ 6.2485e-03, -8.6060e-03,  6.8903e-04]],

         [[ 4.5990e-02,  3.8891e-03,  8.2703e-03],
          [ 7.9575e-03, -5.8868e-02,  2.9678e-02],
          [-4.7607e-03, -1.4450e-02,  4.0802e-02]],

         [[-9.5642e-02,  3.7903e-02,  1.3451e-02],
          [-1.9800e-01,  1.4856e-01,  3.7231e-02],
          [-6.1646e-02,  3.6049e-03,  7.7438e-03]],

         [[-4.2534e-03, -4.6883e-03, -4.5700e-03],
          [ 7.4158e-02, -2.2736e-02,  1.8048e-04],
          [-3.0228e-02, -4.7546e-02, -1.4923e-02]],

         [[ 1.5656e-02, -2.4292e-02,  5.5122e-03],
          [ 1.5411e-02, -3.5767e-02,  1.7405e-03],
          [-1.1768e-03, -3.9062e-03, -2.9221e-03]],

         [[-7.9575e-03,  2.8000e-02,  2.9968e-02],
          [-2.8961e-02,  2.8336e-02,  1.1223e-02],
          [-8.0109e-03,  7.9727e-03,  3.2349e-03]],

         [[-6.1874e-03, -7.2136e-03, -5.6877e-03],
          [ 4.0512e-03, -2.1301e-02, -6.8474e-03],
          [-3.0384e-03, -3.4058e-02, -2.8496e-03]],

         [[-2.8351e-02, -7.0333e-04, -1.8860e-02],
          [ 7.3385e-04,  1.5450e-02,  2.6688e-02],
          [-2.6321e-02,  6.1493e-03, -1.3008e-02]],

         [[ 3.9825e-02, -2.8931e-02,  3.0270e-03],
          [-8.4717e-02,  1.3245e-01, -1.7715e-02],
          [-7.4768e-03,  9.4147e-03, -4.3945e-03]]],


        [[[-1.0824e-03, -2.4536e-02, -1.4389e-02],
          [-8.2397e-04,  7.8979e-02, -6.2744e-02],
          [ 1.6541e-02, -3.1708e-02,  1.9531e-02]],

         [[-1.8721e-03, -3.3386e-02,  3.9825e-02],
          [ 5.1910e-02,  1.4992e-02, -1.1612e-02],
          [-2.9312e-02, -2.6596e-02,  1.1047e-02]],

         [[ 1.2756e-02, -7.6332e-03, -6.3286e-03],
          [ 1.1757e-02, -3.7231e-03, -2.8343e-03],
          [ 6.0577e-03, -2.1591e-02,  2.3590e-02]],

         [[-5.9814e-02,  1.7371e-01, -6.7078e-02],
          [-2.9465e-02,  7.8918e-02, -6.8176e-02],
          [ 2.2141e-02, -1.8494e-02, -2.5223e-02]],

         [[-2.7084e-03, -2.6093e-02,  3.0579e-02],
          [-1.3535e-02,  5.3528e-02, -2.9312e-02],
          [ 7.2823e-03, -3.9597e-03, -1.6203e-03]],

         [[ 1.4557e-02,  1.8814e-02, -3.9307e-02],
          [-2.9694e-02,  4.7089e-02,  3.5004e-02],
          [ 7.7324e-03, -8.3191e-02, -2.1133e-02]],

         [[ 7.3914e-02,  5.7953e-02, -7.1350e-02],
          [ 6.7749e-02, -2.7563e-01,  3.3630e-02],
          [-5.7220e-02,  6.9214e-02,  1.8005e-02]],

         [[ 1.4854e-02, -5.0011e-03,  2.4002e-02],
          [ 4.5280e-03, -1.4351e-02, -2.5558e-02],
          [-6.8855e-03,  3.1948e-03,  7.8812e-03]],

         [[-6.5186e-02,  2.0111e-02,  4.3579e-02],
          [ 4.1077e-02,  1.6528e-01, -1.5417e-01],
          [ 4.0588e-02, -5.6549e-02, -2.1790e-02]],

         [[-1.2158e-01, -5.7068e-02,  6.7322e-02],
          [-2.6169e-02,  2.1106e-01, -2.1194e-02],
          [ 6.2866e-02, -7.2266e-02,  5.0964e-03]],

         [[-1.2665e-02, -2.2354e-02, -1.0109e-02],
          [ 1.3908e-02, -1.5747e-02, -9.7656e-03],
          [-6.5041e-03,  3.2654e-03,  3.8910e-03]],

         [[ 2.0981e-02, -2.0798e-02,  1.2238e-02],
          [ 5.8289e-03, -7.0267e-03, -8.2321e-03],
          [-1.3939e-02, -1.5366e-02, -6.9122e-03]],

         [[-1.8433e-02, -1.3054e-02,  7.9880e-03],
          [-1.5518e-02, -1.0864e-02, -1.0818e-02],
          [-8.5449e-03,  1.3695e-02, -2.8439e-03]],

         [[-3.4657e-03,  9.7122e-03,  1.3237e-03],
          [-3.2410e-02,  2.1561e-02, -3.2401e-04],
          [-3.2101e-03, -4.8332e-03, -3.6736e-03]],

         [[-1.7792e-02, -1.6266e-02, -3.3569e-02],
          [-1.3306e-02,  3.0151e-02,  5.3101e-02],
          [ 1.2222e-02, -1.5518e-02, -3.5034e-02]],

         [[-2.4353e-02,  8.8135e-02, -7.3608e-02],
          [-3.6224e-02, -3.7628e-02,  4.5135e-02],
          [ 5.3009e-02, -6.3660e-02,  1.9196e-02]]],


        [[[-7.5493e-03,  9.1675e-02, -1.2444e-02],
          [-1.8387e-03, -7.7515e-02, -1.8890e-02],
          [ 2.3499e-02, -4.5990e-02,  2.9724e-02]],

         [[ 2.2079e-02,  1.9272e-02,  6.2134e-02],
          [ 3.0273e-02, -3.1567e-01,  1.6199e-01],
          [ 4.5380e-02,  6.1531e-03,  1.1810e-01]],

         [[ 3.5370e-02,  3.7872e-02,  1.6830e-02],
          [-3.3722e-02,  4.5380e-02, -2.9327e-02],
          [-3.5515e-03, -1.8448e-02,  1.4839e-02]],

         [[-5.6572e-03,  9.5337e-02,  6.2378e-02],
          [ 1.0586e-03, -1.4313e-02,  1.1406e-02],
          [-1.3618e-02, -2.6108e-02, -2.0599e-02]],

         [[ 7.5569e-03, -1.2520e-02,  2.0447e-03],
          [-1.2505e-02, -2.5772e-02, -1.9089e-02],
          [ 1.2367e-02, -2.6932e-02,  2.2644e-02]],

         [[-2.3422e-02, -3.5217e-02, -9.4354e-05],
          [ 2.5406e-02,  3.6072e-02, -2.1515e-02],
          [-3.7365e-03, -1.8753e-02,  3.7903e-02]],

         [[-2.0844e-02,  2.3056e-02, -2.1912e-02],
          [ 3.9215e-02,  8.6487e-02, -2.0569e-02],
          [ 5.1594e-04,  1.0544e-02, -2.8198e-02]],

         [[-6.0806e-03, -9.7046e-03, -2.4704e-02],
          [-1.2360e-02,  1.9501e-02,  5.7602e-03],
          [-1.7948e-03, -3.9642e-02, -1.4717e-02]],

         [[ 2.5696e-02, -1.1490e-02,  7.7171e-03],
          [-2.7878e-02, -1.3000e-01,  2.2339e-02],
          [ 2.9465e-02, -3.2883e-03,  3.4943e-02]],

         [[ 7.2693e-02,  1.7700e-02,  5.8784e-03],
          [ 5.1544e-02, -3.9032e-02,  6.0225e-04],
          [ 3.9062e-02,  3.9764e-02,  2.0813e-02]],

         [[-4.3823e-02, -2.7695e-02, -1.0208e-02],
          [ 2.0618e-01,  3.4332e-02, -3.8147e-02],
          [-5.0568e-02, -3.8788e-02, -1.0994e-02]],

         [[-1.3580e-02,  3.9558e-03, -3.1586e-02],
          [-1.7090e-02,  3.3875e-02, -2.5070e-02],
          [-2.8610e-03, -1.4832e-02, -8.6517e-03]],

         [[-1.2581e-02,  9.7900e-02, -4.0771e-02],
          [-2.5009e-02,  6.2927e-02, -4.5410e-02],
          [-1.6373e-02, -1.0422e-02, -1.3817e-02]],

         [[ 1.2283e-02,  2.1301e-02,  4.4281e-02],
          [ 8.8043e-03,  1.5030e-02,  3.2745e-02],
          [-2.4185e-02,  1.4758e-01, -3.0350e-02]],

         [[-1.0109e-02, -3.9642e-02, -2.7390e-02],
          [-7.9102e-02,  8.2458e-02,  2.4582e-02],
          [-2.1164e-02, -3.6652e-02, -2.7084e-02]],

         [[ 1.2039e-02, -1.4977e-02, -1.6647e-02],
          [ 2.5955e-02, -8.0200e-02,  4.7531e-03],
          [ 2.5345e-02,  5.5695e-02,  4.6356e-02]]],


        [[[-1.1055e-02,  1.3599e-01,  2.9236e-02],
          [ 1.9165e-02, -1.2720e-01,  7.9498e-03],
          [ 7.9880e-03, -5.4779e-02, -2.5158e-03]],

         [[-1.6449e-02, -7.4234e-03, -2.2793e-03],
          [-1.7746e-02,  1.3168e-02,  4.8370e-03],
          [-9.0027e-03, -4.9957e-02, -3.1376e-03]],

         [[ 3.2196e-02, -1.5222e-01, -6.4278e-03],
          [ 2.0966e-02,  8.9539e-02,  2.9877e-02],
          [-3.8574e-02,  5.4138e-02,  1.8143e-02]],

         [[ 2.7603e-02, -2.0027e-05, -1.8005e-02],
          [ 1.7227e-02, -1.4732e-02, -4.1885e-03],
          [ 2.2751e-02, -1.8784e-02,  5.0545e-03]],

         [[-1.5854e-02,  1.2073e-01, -1.3371e-03],
          [ 1.0368e-02,  1.6510e-02,  2.4689e-02],
          [ 3.0022e-03, -1.6943e-01, -4.9408e-02]],

         [[-1.9196e-02,  2.8366e-02, -2.5818e-02],
          [-1.4062e-01, -8.4412e-02,  1.0773e-01],
          [-4.8889e-02, -4.3243e-02,  4.1962e-02]],

         [[ 1.2932e-03,  2.8824e-02, -3.0441e-02],
          [-1.6510e-02,  1.8295e-02, -2.5696e-02],
          [-5.1613e-03,  9.4528e-03, -1.3550e-02]],

         [[-4.7722e-03, -2.8107e-02,  4.1938e-04],
          [ 3.2532e-02, -3.1021e-02, -1.8387e-02],
          [ 9.5062e-03, -2.3270e-02, -8.9874e-03]],

         [[-6.9847e-03, -1.0056e-02, -3.2776e-02],
          [-2.0809e-03,  3.2291e-03,  5.3549e-04],
          [ 6.1340e-03,  3.1189e-02,  1.8097e-02]],

         [[ 8.5526e-03, -1.7670e-02,  1.6678e-02],
          [-2.6215e-02, -3.8361e-02,  1.2360e-02],
          [ 9.7885e-03,  1.3685e-03,  5.5656e-03]],

         [[-5.0163e-03, -1.1482e-02, -7.3395e-03],
          [ 1.4610e-02, -6.4209e-02,  8.6136e-03],
          [ 3.9864e-03, -4.8523e-02,  6.9122e-03]],

         [[-1.1719e-02, -7.0457e-03, -2.0721e-02],
          [ 2.0370e-02, -6.6772e-02,  4.7089e-02],
          [ 1.3268e-02, -1.3046e-02, -1.3512e-02]],

         [[ 6.0806e-03, -6.9962e-03,  1.4969e-02],
          [ 1.9791e-02, -3.6774e-02, -1.9562e-02],
          [-9.2983e-04, -1.5686e-02, -1.8570e-02]],

         [[-1.6388e-02, -4.7989e-03, -7.9803e-03],
          [-2.5330e-02, -2.1191e-03, -1.4069e-02],
          [-2.1515e-02, -3.5133e-03,  2.1454e-02]],

         [[-5.7526e-03, -2.2156e-02,  7.8430e-03],
          [ 1.4839e-03, -4.0436e-02, -2.6520e-02],
          [-3.5324e-03, -1.3992e-02,  1.9569e-03]],

         [[ 1.4832e-02,  2.2415e-02, -8.6792e-02],
          [ 3.1738e-02,  1.8018e-01, -1.1469e-01],
          [ 1.2970e-02,  7.3792e-02, -4.0100e-02]]],


        [[[ 4.4746e-03, -4.2358e-02, -9.8801e-03],
          [-3.3951e-03,  6.6833e-02,  2.2354e-02],
          [-1.0063e-02, -6.7062e-03, -7.7095e-03]],

         [[ 6.3553e-03, -5.2032e-02, -1.0201e-02],
          [ 5.7602e-03,  1.0840e-01,  1.3527e-02],
          [ 3.3051e-02, -8.8318e-02,  2.5955e-02]],

         [[-2.9694e-02,  2.5635e-02, -1.4465e-02],
          [ 3.0655e-02,  1.1591e-01,  1.4748e-02],
          [-1.8799e-02, -1.1932e-02, -2.3331e-02]],

         [[ 1.6586e-02,  3.5645e-02,  3.2379e-02],
          [ 3.9886e-02,  2.6465e-01,  4.7699e-02],
          [-1.0956e-02,  6.7627e-02,  3.0029e-02]],

         [[ 1.5915e-02, -1.8295e-02,  3.7708e-03],
          [ 6.1722e-03, -1.8143e-02,  6.2599e-03],
          [ 3.7327e-03,  1.1993e-02,  3.9444e-03]],

         [[ 2.7885e-03, -4.0855e-03, -1.2802e-02],
          [-5.2643e-02, -7.7332e-02,  2.4551e-02],
          [ 2.1454e-02,  4.4342e-02,  8.2016e-05]],

         [[ 2.6245e-02,  4.9316e-02, -1.2077e-02],
          [ 1.3680e-02,  3.7018e-02, -1.2222e-02],
          [ 2.0752e-02, -6.1920e-02, -2.3117e-02]],

         [[-2.6393e-04, -6.3286e-03,  7.8278e-03],
          [ 1.6571e-02,  1.5771e-04, -1.5007e-02],
          [-1.0773e-02, -1.9501e-02, -4.7493e-03]],

         [[-4.9347e-02, -8.9966e-02, -4.9286e-02],
          [ 1.6434e-02,  8.9783e-02,  1.8295e-02],
          [ 6.2408e-02,  4.8492e-02,  5.9113e-02]],

         [[-7.1777e-02, -9.0942e-02, -7.5569e-03],
          [-4.2419e-02, -1.0718e-01, -1.6800e-02],
          [ 1.7258e-02,  1.0022e-01,  2.1713e-02]],

         [[-7.9422e-03, -1.4473e-02, -3.0499e-03],
          [-4.8981e-02,  2.0275e-03,  1.8282e-03],
          [ 4.4067e-02, -1.1635e-03, -4.4899e-03]],

         [[-1.4763e-02, -2.7313e-02, -5.6343e-03],
          [ 2.0111e-02,  6.2485e-03,  1.6813e-03],
          [-7.0381e-03, -2.1423e-02, -2.4994e-02]],

         [[-5.2185e-02, -9.8114e-03, -3.1799e-02],
          [-2.6764e-02,  5.0293e-02, -1.1192e-02],
          [-2.4376e-03,  1.7853e-02, -8.8425e-03]],

         [[-1.3161e-02,  1.7633e-03, -2.0050e-02],
          [-1.7700e-02, -7.1945e-03, -3.7327e-03],
          [-4.0317e-04,  6.4697e-02, -2.7985e-02]],

         [[-1.1276e-02, -1.0246e-02, -3.0090e-02],
          [ 1.0151e-04,  1.6373e-02, -6.2927e-02],
          [-1.1833e-02, -7.4272e-03,  5.8136e-02]],

         [[-3.1860e-02, -7.5073e-02, -4.2694e-02],
          [-3.1052e-03, -3.3875e-02, -3.0869e-02],
          [ 6.6719e-03,  4.8492e-02,  1.3550e-02]]],


        [[[-6.1951e-02,  7.0419e-03, -5.9753e-02],
          [-2.4551e-02,  4.7363e-02, -2.4164e-04],
          [-1.4641e-02,  5.7220e-02, -1.1894e-02]],

         [[ 6.5918e-03,  2.0844e-02,  1.0504e-01],
          [-5.7526e-02, -1.5625e-01,  1.8234e-02],
          [-7.8613e-02, -8.0824e-04,  5.1300e-02]],

         [[-3.0792e-02,  1.6443e-01, -3.9825e-02],
          [-2.5299e-02,  1.0059e-01, -1.2001e-02],
          [-3.5004e-02, -1.5205e-02, -2.9037e-02]],

         [[ 8.5449e-03, -9.6130e-02, -9.4421e-02],
          [ 9.5654e-04, -5.3253e-02, -4.1931e-02],
          [ 6.5002e-02,  2.9404e-02,  5.6366e-02]],

         [[ 1.2970e-02,  1.1591e-01,  1.6464e-02],
          [ 1.8661e-02,  6.0242e-02, -3.4943e-02],
          [ 5.9242e-03, -1.8481e-01, -4.3579e-02]],

         [[ 1.6312e-02, -3.2532e-02, -2.5055e-02],
          [ 2.4841e-02,  6.1340e-02,  3.3020e-02],
          [ 2.4933e-02, -1.9821e-02, -1.3451e-02]],

         [[-3.9856e-02,  7.6103e-04,  3.1616e-02],
          [-2.7512e-02, -1.1086e-02,  1.1835e-01],
          [-3.2288e-02, -3.1677e-02,  8.1970e-02]],

         [[-2.0142e-02,  3.8300e-03, -2.5543e-02],
          [ 2.2614e-02,  6.0272e-03, -3.2013e-02],
          [ 1.4412e-02,  1.8250e-02,  5.1918e-03]],

         [[ 2.3056e-02, -2.0921e-04,  1.7609e-02],
          [ 1.1475e-02, -6.7688e-02, -1.7197e-02],
          [-3.1586e-03,  4.6005e-03,  3.4058e-02]],

         [[ 6.0303e-02,  8.9050e-02,  4.0474e-03],
          [-7.5989e-03, -1.5564e-01, -8.6182e-02],
          [ 2.3254e-02, -1.1520e-02, -2.3544e-02]],

         [[ 8.4734e-04, -6.5079e-03, -1.9379e-02],
          [-1.4053e-02,  4.2511e-02, -2.7313e-02],
          [ 2.9354e-03,  2.2263e-02, -1.5991e-02]],

         [[-5.6305e-02,  1.7746e-02, -2.0752e-03],
          [-4.1626e-02,  4.3671e-02,  1.2964e-01],
          [-3.1738e-02, -3.4668e-02,  3.5305e-03]],

         [[-4.6875e-02,  1.0144e-01, -1.5129e-02],
          [ 3.0472e-02,  8.7814e-03,  3.8330e-02],
          [-4.6295e-02, -3.6804e-02, -6.9458e-02]],

         [[-3.7903e-02, -4.2175e-02, -7.3608e-02],
          [-4.3854e-02, -3.6194e-02, -3.7384e-02],
          [-5.2757e-03,  1.0565e-01,  7.9346e-02]],

         [[ 1.5053e-02,  1.9608e-03,  3.4546e-02],
          [ 2.3071e-02, -1.7639e-02,  7.2212e-03],
          [ 4.4983e-02, -2.1866e-02, -1.1742e-02]],

         [[-5.4436e-03,  5.8060e-03,  1.0803e-02],
          [-6.3782e-03,  4.1718e-02, -1.7670e-02],
          [ 2.9480e-02,  1.6876e-02, -3.6499e-02]]]])
