Weights Information:
# weights ver.2

Model Path: best.pt
Model Generated Time:   24-06-04, 20:02

Layer: model.5.bn.weight | Size: torch.Size([128])
tensor([0.8442, 0.7837, 0.8442, 1.2363, 0.4807, 0.6733, 0.7466, 0.6240, 0.8110, 1.3398, 0.9380, 0.6816, 1.1270, 1.3027, 0.6924, 0.8501, 0.5439, 0.7412, 0.9453, 0.4673, 1.0332, 0.6929, 0.5840, 0.8979, 0.7256, 1.0215, 0.4834, 0.7231, 1.3770, 0.9834, 0.5962, 0.8335, 0.7148, 0.8843, 0.4487, 0.9644, 0.8120, 0.6523, 1.0225,
        1.0322, 0.7676, 0.8223, 0.7134, 0.8408, 0.4988, 0.6250, 0.9448, 1.4111, 0.6567, 0.7583, 0.8145, 0.9292, 0.9814, 0.8003, 0.9243, 0.4907, 0.5205, 0.7217, 0.6919, 0.8496, 0.8433, 1.7002, 0.8657, 0.8540, 0.9297, 0.7754, 0.6562, 0.6636, 0.9106, 1.0234, 0.7344, 0.4890, 0.9253, 0.5186, 0.7866, 0.6968, 1.1328, 0.7412,
        0.7334, 0.4355, 0.7549, 0.5361, 0.8877, 0.6680, 1.0352, 1.1748, 0.9263, 0.6299, 0.9463, 0.4883, 1.0645, 0.9932, 1.0967, 0.5811, 1.0020, 0.4565, 0.6680, 0.7920, 0.9775, 0.7856, 0.8174, 1.2100, 0.9819, 0.8579, 0.9688, 0.8403, 0.4351, 0.6592, 0.5078, 1.1982, 0.7354, 1.4980, 0.7075, 0.7842, 0.5996, 0.8809, 0.6665,
        0.9292, 0.7852, 0.8135, 0.8677, 0.9419, 0.6431, 0.9902, 0.8013, 1.0459, 0.4563, 0.8564])
