Weights Information:
# weights ver.2

Model Path: best.pt
Model Generated Time:   24-06-04, 20:02

Layer: model.12.cv1.bn.weight | Size: torch.Size([128])
tensor([1.2480, 0.6899, 1.0518, 1.1836, 1.1006, 1.0752, 0.8975, 0.6509, 0.9180, 0.6670, 1.0205, 0.9004, 1.1475, 1.1523, 0.8223, 0.5708, 0.8359, 1.0967, 1.2764, 0.9902, 0.8521, 0.7007, 0.5400, 1.2861, 1.0244, 0.9106, 0.7417, 0.9058, 1.0410, 0.7695, 0.9854, 0.9146, 1.3184, 0.7930, 1.2002, 1.0098, 0.8027, 0.7007, 0.9746,
        0.6172, 1.1455, 1.0205, 0.9629, 1.0752, 0.9995, 0.9165, 0.7627, 0.6372, 0.9956, 0.9512, 0.7222, 0.7988, 0.6738, 0.9590, 0.6875, 0.9546, 0.7656, 0.8760, 0.9966, 1.1426, 1.0264, 0.4783, 0.8892, 0.9722, 0.7783, 0.9487, 0.8140, 1.1758, 0.8628, 0.8779, 0.4502, 1.3877, 0.8096, 0.4976, 1.1299, 1.0488, 0.4910, 0.7734,
        0.9229, 1.2617, 0.8789, 0.9355, 1.0469, 0.4529, 0.9829, 1.1289, 0.7183, 0.8066, 0.8062, 0.4973, 0.8462, 0.5396, 0.7930, 0.7202, 0.8882, 0.9897, 1.0938, 0.9561, 1.0381, 0.7144, 1.0391, 0.5332, 0.7485, 0.9141, 0.7905, 0.8984, 0.7573, 0.6401, 0.4431, 0.9756, 0.6465, 0.4604, 1.2246, 0.7471, 1.5137, 0.4531, 1.0117,
        1.0625, 0.6528, 0.5342, 0.8472, 0.8091, 0.6689, 0.4836, 0.8457, 0.5581, 0.8760, 0.7168])
