Weights Information:
# weights ver.2

Model Path: best.pt
Model Generated Time:   24-06-04, 20:02

Layer: model.15.cv2.bn.bias | Size: torch.Size([64])
tensor([ 2.0813e-01, -1.1797e+00,  1.1865e+00, -8.2324e-01,  2.4231e-01,  7.8308e-02, -1.7688e-01, -1.0381e+00, -5.5695e-02,  2.3242e-01,  1.4961e+00, -2.9224e-01, -3.0371e+00,  5.5029e-01,  7.5098e-01, -3.3594e-01,  1.5747e-01, -1.0625e+00,  1.5996e+00,  1.4121e+00,  1.1835e-01,  1.1123e+00, -1.5586e+00, -1.1603e-01,
         1.3281e+00, -7.1669e-04,  9.8343e-03, -4.5020e-01,  3.3838e-01,  7.5781e-01, -2.1912e-01,  1.4111e+00, -5.2979e-01,  7.1228e-02,  1.4563e-01,  8.2568e-01,  6.0211e-02, -8.8525e-01,  8.6328e-01, -3.9893e-01, -1.0352e+00,  1.3281e+00,  5.8105e-01, -2.0630e-02,  1.0527e+00, -2.3301e+00,  1.0186e+00,  1.1113e+00,
        -1.1387e+00,  1.4121e+00,  1.0938e+00,  2.6465e-01, -1.0400e+00, -4.3945e-01,  1.1309e+00,  5.6055e-01, -3.0548e-02,  1.2461e+00,  9.4043e-01, -4.9683e-02,  7.6318e-01, -9.8096e-01,  3.3276e-01, -2.0203e-02])
