Weights Information:
# weights ver.2

Model Path: best.pt
Model Generated Time:   24-06-04, 20:02

Layer: model.22.cv2.0.2.bias | Size: torch.Size([64])
tensor([ 2.3125e+00,  2.4062e+00,  2.3047e+00,  1.9443e+00,  2.6387e+00,  2.7070e+00,  2.0234e+00,  1.3662e+00,  1.0742e+00,  7.2607e-01,  2.1863e-01, -5.0000e-01, -5.0000e-01, -1.1270e+00, -1.2578e+00, -3.3716e-01,  2.4180e+00,  2.5801e+00,  2.4160e+00,  2.4473e+00,  2.2910e+00,  2.3223e+00,  2.1270e+00,  1.6807e+00,
         1.0957e+00,  5.0586e-01,  2.2621e-03, -3.2935e-01, -8.2520e-01, -1.0283e+00, -1.2256e+00, -4.8730e-01,  2.6172e+00,  2.4980e+00,  2.3262e+00,  2.5020e+00,  2.4707e+00,  2.4609e+00,  2.1758e+00,  1.5137e+00,  9.3408e-01,  2.3621e-01, -1.5466e-01, -3.7061e-01, -6.7676e-01, -7.9297e-01, -1.2852e+00, -4.2505e-01,
         2.8320e+00,  2.5977e+00,  2.5215e+00,  2.5547e+00,  2.5020e+00,  1.7520e+00,  1.4229e+00,  1.3320e+00,  9.0576e-01,  3.5254e-01,  1.7380e-02, -2.1338e-01, -4.3701e-01, -7.1143e-01, -1.2041e+00, -2.5635e-01])
