Weights Information:
# weights ver.2

Model Path: best.pt
Model Generated Time:   24-06-04, 20:02

Layer: model.19.bn.weight | Size: torch.Size([128])
tensor([0.9707, 1.5928, 0.7100, 0.6411, 0.7764, 0.7354, 1.1348, 0.8989, 0.8662, 1.0986, 0.7622, 0.7080, 0.8008, 0.9966, 0.7886, 0.7925, 0.8936, 1.0508, 1.0029, 0.8853, 1.0361, 0.8555, 1.0195, 0.9458, 0.7256, 0.7422, 0.8838, 0.9731, 1.0107, 0.5244, 0.7275, 0.6792, 0.8394, 0.6699, 1.0166, 0.8945, 0.7886, 0.6694, 0.7944,
        0.6533, 0.8701, 0.7031, 0.8838, 0.7939, 1.3604, 0.7295, 1.5166, 1.1777, 0.6821, 0.7993, 0.8164, 0.6660, 0.8765, 1.0098, 0.8843, 0.7163, 1.1299, 0.8975, 0.7422, 0.5854, 0.8403, 0.7285, 0.9956, 0.9897, 0.9688, 1.4736, 0.7422, 0.9521, 0.6245, 0.8979, 0.8403, 0.9258, 0.7563, 0.7202, 1.2588, 0.6567, 0.7212, 0.8066,
        0.9629, 0.8232, 1.4551, 0.9219, 0.8447, 0.9849, 0.9380, 0.7456, 1.4883, 0.5737, 0.5171, 1.4023, 1.0938, 0.7051, 0.5981, 0.8936, 0.6362, 0.8184, 0.8911, 1.0547, 0.7939, 0.7090, 0.7397, 0.7925, 0.8730, 1.0049, 0.9805, 1.1982, 1.3516, 0.7544, 0.5518, 0.9648, 0.7744, 0.8906, 0.9058, 0.6294, 0.7466, 1.0098, 0.8281,
        0.7407, 1.1367, 0.8955, 0.8818, 0.7124, 0.9131, 0.8862, 0.7070, 0.8428, 0.7861, 0.6455])
