Weights Information:
# weights ver.2

Model Path: best.pt
Model Generated Time:   24-06-04, 20:02

Layer: model.8.cv1.bn.running_mean | Size: torch.Size([256])
tensor([ 0.0781,  0.0515,  0.0544, -0.0307, -0.0347,  0.0147,  0.0212, -0.0012,  0.0203, -0.0123,  0.0709, -0.0922, -0.0016, -0.0149, -0.0592, -0.0415,  0.0441, -0.0043,  0.0118, -0.0549, -0.0446,  0.0412, -0.0531, -0.0034, -0.0435, -0.0783,  0.0140, -0.0080,  0.0402,  0.0713,  0.0280,  0.0282,  0.0340,  0.0039,
         0.0057, -0.0138,  0.0228,  0.0166,  0.0417,  0.0243, -0.0176, -0.0465, -0.0312, -0.0562,  0.0501,  0.0432, -0.0383, -0.0268,  0.0232,  0.0200, -0.0274, -0.0401,  0.0767, -0.1081,  0.0194,  0.0283, -0.0638, -0.0415, -0.0345, -0.0126,  0.0304, -0.0168,  0.0442, -0.0022, -0.0145,  0.0122, -0.0393, -0.0269,
         0.0296, -0.0128,  0.0064,  0.0519,  0.0342,  0.0278,  0.0120, -0.0144,  0.0779,  0.0535, -0.0257,  0.0216,  0.0410, -0.0043,  0.0406,  0.0253, -0.0258,  0.0008,  0.0122, -0.0129, -0.0209,  0.0870,  0.0138,  0.0477,  0.0203,  0.0092,  0.0396, -0.0733,  0.0953,  0.0177, -0.0457,  0.0438,  0.0045,  0.0196,
        -0.0012, -0.0181, -0.0007,  0.0187,  0.0049, -0.0058,  0.0065,  0.0005,  0.0861, -0.0342,  0.0008, -0.0036,  0.0182, -0.0089,  0.0121, -0.0100, -0.0123, -0.0638,  0.0072, -0.0282, -0.0724, -0.0303,  0.0295,  0.0202,  0.0066,  0.0205,  0.0458, -0.0130, -0.0723,  0.1022, -0.0385,  0.0520,  0.0506,  0.0051,
         0.0645,  0.0495,  0.0984,  0.0798, -0.0400,  0.0335, -0.0167, -0.0491,  0.0264,  0.0700,  0.0457,  0.0365, -0.0180, -0.0933,  0.0397,  0.1022, -0.0829, -0.0566,  0.0337,  0.0116,  0.0517,  0.0503, -0.0688, -0.0392,  0.0311, -0.0018, -0.0237,  0.0165, -0.0051,  0.0364,  0.0646,  0.0478,  0.0799, -0.0420,
         0.1039,  0.1404, -0.0382,  0.0178,  0.0130,  0.0574,  0.1004, -0.0029,  0.0172, -0.0194, -0.0278,  0.0421,  0.0247,  0.0624,  0.0969, -0.0275, -0.0094, -0.0156,  0.1134,  0.0228,  0.0948,  0.0520, -0.0045,  0.0857, -0.0220,  0.0751,  0.0222, -0.0043, -0.1165, -0.0226, -0.0182, -0.0228, -0.0087, -0.0792,
         0.0289, -0.0206,  0.0333, -0.0207, -0.0147, -0.0235,  0.0600,  0.0124, -0.0718,  0.0258,  0.0590,  0.0953,  0.0100,  0.2336, -0.0404,  0.0394,  0.0840,  0.0878,  0.1058, -0.0402,  0.0434, -0.0055,  0.1990,  0.0592,  0.1528,  0.0604, -0.0646, -0.0496,  0.0097,  0.1033,  0.0292, -0.0150,  0.0015,  0.0218,
         0.1252, -0.0557,  0.0019, -0.0135,  0.0130, -0.1392, -0.0139, -0.0867,  0.0693,  0.0905, -0.0408,  0.0210,  0.0939,  0.1245,  0.0486,  0.0378,  0.1127, -0.0017])
