Weights Information:
# weights ver.2

Model Path: best.pt
Model Generated Time:   24-06-04, 20:02

Layer: model.21.m.0.cv2.bn.running_var | Size: torch.Size([128])
tensor([0.0142, 0.0152, 0.0322, 0.0148, 0.0135, 0.0286, 0.0254, 0.0501, 0.0322, 0.0132, 0.0137, 0.0127, 0.0564, 0.0156, 0.0294, 0.0176, 0.0153, 0.0131, 0.0150, 0.0123, 0.0238, 0.0327, 0.0468, 0.0305, 0.0273, 0.0103, 0.0184, 0.0228, 0.0316, 0.0336, 0.0164, 0.0403, 0.0180, 0.0275, 0.0346, 0.0177, 0.0201, 0.0153, 0.0116,
        0.0315, 0.0485, 0.0402, 0.0142, 0.0148, 0.0282, 0.0136, 0.0113, 0.0194, 0.0164, 0.0207, 0.0143, 0.0166, 0.0123, 0.0249, 0.0130, 0.0193, 0.0166, 0.0374, 0.0343, 0.0210, 0.0304, 0.0294, 0.0614, 0.0139, 0.0357, 0.0205, 0.0176, 0.0341, 0.0143, 0.0251, 0.0122, 0.0255, 0.0141, 0.0576, 0.0253, 0.0254, 0.0102, 0.0183,
        0.0168, 0.0126, 0.0148, 0.0662, 0.0500, 0.0184, 0.0309, 0.0212, 0.0227, 0.0822, 0.0262, 0.0247, 0.0543, 0.0170, 0.0255, 0.0124, 0.0147, 0.0110, 0.0276, 0.0247, 0.0119, 0.0166, 0.0139, 0.0180, 0.0152, 0.0472, 0.0187, 0.0137, 0.0512, 0.0150, 0.0168, 0.0209, 0.0143, 0.0344, 0.0230, 0.0283, 0.0156, 0.0140, 0.0213,
        0.0137, 0.0172, 0.0209, 0.0285, 0.0123, 0.0140, 0.0191, 0.0209, 0.0163, 0.0357, 0.0106])
