Weights Information:
# weights ver.2

Model Path: best.pt
Model Generated Time:   24-06-04, 20:02

Layer: model.9.cv1.bn.running_mean | Size: torch.Size([128])
tensor([-0.0523, -0.0648, -0.1018,  0.0095, -0.0479, -0.0617, -0.0162, -0.1132, -0.0317, -0.1705, -0.1683, -0.1079, -0.0790, -0.0847, -0.0624, -0.1093,  0.0281, -0.0104, -0.2031, -0.0850, -0.0283,  0.0248, -0.0468, -0.1000, -0.0704, -0.0402, -0.2218, -0.0504, -0.1202,  0.0441, -0.0556, -0.1011, -0.0027, -0.0178,
        -0.2368, -0.1733, -0.0475, -0.0893, -0.0501, -0.0557,  0.0487, -0.0952, -0.0520, -0.0101,  0.0305, -0.1299,  0.0541, -0.1008, -0.0699, -0.1968, -0.0895, -0.1191, -0.0006, -0.0827, -0.1570, -0.2483, -0.0302, -0.0641, -0.0329, -0.0037, -0.0460, -0.1648, -0.1393, -0.0825, -0.0130, -0.0997, -0.0302,  0.0283,
        -0.1107, -0.2812, -0.1116, -0.1084, -0.1136, -0.1161, -0.0983, -0.0683,  0.0251,  0.0757, -0.0320, -0.1885, -0.1538, -0.0391, -0.0630, -0.0107, -0.1028, -0.1166, -0.0497, -0.2059, -0.2423, -0.1204, -0.4712, -0.0497, -0.0478, -0.0923, -0.2170,  0.0442, -0.1575, -0.0934, -0.0185, -0.0269, -0.0263, -0.0755,
        -0.1047, -0.0084, -0.2225, -0.1637, -0.1055, -0.1859, -0.0542, -0.0165, -0.0547, -0.0220, -0.0677, -0.0640, -0.0485, -0.0974, -0.0796, -0.0356, -0.1881, -0.1428, -0.1256, -0.0315,  0.0059, -0.1787, -0.1661, -0.0320,  0.1050,  0.0065])
