Weights Information:
# weights ver.2

Model Path: best.pt
Model Generated Time:   24-06-04, 20:02

Layer: model.12.cv2.bn.weight | Size: torch.Size([128])
tensor([0.9248, 1.0010, 0.8809, 0.6577, 0.4749, 0.9307, 0.8423, 0.4368, 0.6196, 0.6260, 0.7437, 0.7710, 0.9243, 0.7031, 0.8032, 0.6733, 0.6299, 0.3438, 0.9546, 0.3826, 1.0303, 0.8032, 0.6191, 0.9131, 0.8281, 0.7549, 0.8984, 0.7578, 0.8604, 0.4199, 0.6895, 0.6133, 0.5015, 0.9106, 0.8921, 0.8989, 0.3652, 0.5664, 0.6460,
        0.7686, 0.6792, 0.6523, 0.8354, 0.3938, 0.6582, 0.6812, 0.7295, 0.4778, 0.8169, 0.9761, 1.0771, 0.6870, 0.7749, 0.6821, 0.6763, 0.3533, 0.7988, 0.6436, 0.9771, 0.4353, 0.4241, 1.4248, 0.7007, 0.9888, 0.8652, 0.5332, 0.6201, 0.4839, 0.6064, 0.6719, 0.5127, 0.7178, 0.5591, 0.5688, 1.2510, 0.9370, 0.4868, 0.5107,
        0.5903, 0.6787, 0.8237, 0.6284, 0.7109, 0.7119, 0.9604, 1.0059, 0.8081, 0.8584, 0.6201, 1.0400, 1.0146, 0.6631, 0.7280, 0.6890, 0.6714, 0.8540, 0.8638, 0.8984, 1.0381, 0.6421, 0.9370, 0.9297, 0.7568, 1.0703, 0.5825, 0.6494, 0.4233, 0.8301, 0.8467, 0.8345, 1.0020, 0.4236, 0.6919, 0.6533, 0.6978, 0.8237, 0.6636,
        0.6958, 0.6147, 0.8433, 0.5576, 0.4731, 1.1533, 0.8970, 0.8193, 1.1152, 0.6592, 0.5576])
