Weights Information:
# weights ver.2

Model Path: best.pt
Model Generated Time:   24-06-04, 20:02

Layer: model.21.m.0.cv1.bn.running_var | Size: torch.Size([128])
tensor([0.0301, 0.0321, 0.0301, 0.0292, 0.0274, 0.0440, 0.0295, 0.0396, 0.0366, 0.0263, 0.0338, 0.0448, 0.0294, 0.0286, 0.0373, 0.0312, 0.0332, 0.0368, 0.0456, 0.0483, 0.0724, 0.0365, 0.0284, 0.0238, 0.0275, 0.0268, 0.0562, 0.0343, 0.0280, 0.0365, 0.0262, 0.0472, 0.0301, 0.0318, 0.0362, 0.0290, 0.0341, 0.0238, 0.0280,
        0.0554, 0.0367, 0.0236, 0.0318, 0.0251, 0.0424, 0.0295, 0.0266, 0.0547, 0.0278, 0.0713, 0.0758, 0.0315, 0.0397, 0.0286, 0.0417, 0.0290, 0.0759, 0.0274, 0.0280, 0.0320, 0.0296, 0.0264, 0.0383, 0.0273, 0.0364, 0.0262, 0.0827, 0.0358, 0.0253, 0.0457, 0.0521, 0.0513, 0.0343, 0.0537, 0.0265, 0.0583, 0.0240, 0.0366,
        0.0274, 0.0227, 0.0284, 0.0362, 0.0235, 0.0401, 0.0263, 0.0378, 0.0336, 0.0278, 0.0280, 0.0311, 0.0379, 0.0484, 0.0269, 0.0289, 0.0324, 0.0304, 0.0200, 0.0243, 0.0384, 0.0232, 0.0294, 0.0341, 0.0321, 0.0256, 0.0348, 0.0233, 0.0330, 0.0314, 0.0372, 0.0307, 0.0395, 0.0242, 0.0706, 0.0231, 0.0287, 0.0259, 0.0691,
        0.0386, 0.0304, 0.0216, 0.0247, 0.0758, 0.0291, 0.0269, 0.0340, 0.0238, 0.0345, 0.0230])
