Weights Information:
# weights ver.2

Model Path: best.pt
Model Generated Time:   24-06-04, 20:02

Layer: model.12.cv2.bn.bias | Size: torch.Size([128])
tensor([-1.4824, -0.3540, -0.7515, -0.2639,  0.5283, -1.0020, -0.7446,  0.6455,  0.0135,  0.1582, -0.6123, -1.0410, -0.0085, -0.1987, -0.0800, -0.1232, -0.2874,  0.7407, -0.7676,  0.8267, -1.5957, -0.6416,  0.6074, -1.0137,  0.0334, -0.6729, -0.1357, -0.4998, -1.2822,  0.9668, -0.5322, -0.3645,  0.8511, -0.5776,
        -1.3555, -0.8862,  1.0293,  0.2952, -0.3625, -0.7900, -0.4895, -0.0418, -0.7729,  0.8813,  0.2910, -0.1112, -0.6255,  0.4600, -0.9033, -0.6489, -1.3896,  0.5142, -0.5874,  0.5518, -0.5225,  1.1045, -0.5547, -0.1611, -0.5278,  1.3467,  0.5312, -1.8682, -0.2690, -1.1934, -1.1631, -0.1779,  0.5259,  0.2566,
         0.0652, -0.4480,  0.6484, -0.1455,  0.8457,  0.4131, -1.4307, -0.4546,  0.5698,  0.4531, -0.3115,  0.0152, -0.6738, -0.0782,  0.2094, -0.2159, -0.5518, -0.8037, -1.1562, -0.9272, -0.1422, -1.3848, -0.9385,  0.3201, -0.3137, -0.1097, -0.1642, -0.0446, -0.9375, -0.8940, -0.8076,  0.0774, -0.1154, -0.1572,
        -0.6465, -0.9937,  0.3892, -0.1614,  1.0625, -0.8315, -0.8164, -0.8691, -0.7593,  1.1104, -0.4170, -0.5195, -0.2395, -0.7798, -0.2932, -0.5386, -0.1522, -0.8501,  0.2430,  0.4565, -1.4521,  0.1843, -0.2949, -0.6069, -0.1017,  0.0965])
