Weights Information:
# weights ver.2

Model Path: best.pt
Model Generated Time:   24-06-04, 20:02

Layer: model.18.cv1.bn.bias | Size: torch.Size([128])
tensor([-0.7021, -0.2349, -0.3823, -0.1393,  0.4028, -0.2712, -0.3203, -0.0321, -0.0905,  0.2439,  0.0299, -1.0762, -0.4075, -0.1812, -0.3911, -0.9717, -0.1259, -0.5024, -0.8589, -0.1726, -0.5898, -0.6719, -0.3552, -0.2124, -0.4512,  0.0760, -0.8911,  0.5371, -0.3179, -0.3867, -0.4841, -0.1836, -0.2705, -0.7021,
        -0.3992, -0.5562, -0.6860, -0.6133, -0.3452, -0.5420,  0.0576, -0.0696, -0.5693, -0.3916, -0.0070,  0.3511, -0.4045, -0.0482, -0.0131, -0.3704, -0.3154, -0.5708, -1.0547, -0.5859, -0.4312,  0.2444, -0.4421,  0.1891, -0.4141,  0.0860,  0.2808, -0.3035,  0.0667, -0.7295,  0.2485, -0.5688, -1.7188, -0.7446,
         1.2959,  0.9873, -0.8491, -0.4934, -0.8311, -1.3477, -1.0859,  0.7539,  0.8076, -0.5967, -1.0918, -0.0392, -0.9727,  0.2976,  0.6113, -0.1461,  0.5874, -1.2637,  0.2532, -0.7427, -0.0244, -1.0811, -0.4749,  0.3269,  0.6538, -0.3044, -0.2700, -0.5752, -0.9668, -0.3828, -0.3086, -0.3635,  0.0721,  0.5596,
         0.4480,  0.4719, -0.5098, -0.1959,  0.0337,  2.3516, -0.3701, -1.2197,  0.3757, -0.9990, -2.8105, -0.9302, -0.2771,  0.5869, -0.5029, -0.6846, -0.1855, -1.0430, -1.0879, -0.1229, -0.7383, -0.4878,  0.2734, -0.7246, -0.3057, -0.0903])
