Weights Information:
# weights ver.2

Model Path: best.pt
Model Generated Time:   24-06-04, 20:02

Layer: model.22.cv3.1.0.bn.bias | Size: torch.Size([64])
tensor([ 3.7880e-03,  1.7614e-03, -1.2541e-03, -1.4877e-03,  1.0920e-03,  1.0376e-03, -2.0771e-03,  1.7262e-03, -3.1042e-04,  5.7936e-04,  5.1689e-04, -3.2568e-04, -8.2433e-05, -2.2011e-03,  2.3327e-03,  5.9175e-04,  3.3264e-03, -6.1941e-04, -4.9925e-04,  1.1854e-03, -1.8215e-03, -1.3208e-03,  5.5790e-04,  3.0155e-03,
        -5.4932e-04, -1.2130e-04,  9.1171e-04, -1.0147e-03, -4.2152e-04, -9.6178e-04, -7.4005e-04, -1.5640e-04,  1.7185e-03,  1.9131e-03, -1.7433e-03,  2.8782e-03,  1.9684e-03,  3.0441e-03, -1.7607e-04,  3.6657e-05, -2.5749e-04, -1.3733e-03, -8.8358e-04, -1.2093e-03, -1.5659e-03, -6.3133e-04,  4.5943e-04,  7.3433e-04,
        -2.3479e-03,  2.0921e-04,  2.0087e-04,  1.2207e-03, -1.8322e-04, -2.3689e-03,  1.1082e-03,  3.4981e-03,  2.3639e-04, -1.7862e-03,  5.3644e-04, -3.5453e-04,  1.0443e-03, -1.3151e-03,  1.5421e-03, -7.1716e-04])
