Weights Information:
# weights ver.2

Model Path: best.pt
Model Generated Time:   24-06-04, 20:02

Layer: model.6.cv2.bn.weight | Size: torch.Size([128])
tensor([0.4043, 0.5381, 0.3696, 0.8911, 0.9985, 0.3782, 0.9819, 0.5522, 1.0439, 0.5054, 0.8271, 1.0029, 0.6089, 0.7852, 0.8462, 0.9360, 1.2754, 0.8521, 0.8262, 0.6636, 0.9170, 0.6309, 0.5112, 0.7339, 0.3105, 0.4734, 1.0107, 0.6348, 0.6880, 0.9170, 0.8916, 0.8516, 0.8540, 0.9751, 0.7700, 0.5869, 0.6396, 0.7598, 0.4106,
        0.5352, 0.9712, 0.8999, 0.4263, 0.6699, 0.5220, 0.7383, 0.8267, 0.8218, 1.1338, 0.7900, 0.9517, 1.0752, 0.5991, 1.1836, 0.9214, 0.9614, 0.9077, 0.7773, 0.9385, 0.7334, 0.9312, 0.8643, 0.7114, 0.8115, 1.0117, 0.6426, 0.6177, 0.7959, 0.8804, 0.8906, 0.4729, 0.8389, 0.7812, 0.3701, 0.9766, 0.9111, 0.6064, 1.0049,
        1.0176, 0.7368, 0.4875, 0.8218, 0.6709, 0.7139, 0.5229, 0.8652, 1.0205, 1.0400, 1.0850, 0.5747, 0.5063, 0.9072, 0.5068, 0.3999, 0.8745, 0.7808, 0.5483, 0.6685, 0.8467, 0.3774, 0.7539, 0.7539, 0.8638, 0.8955, 0.6948, 0.4253, 0.8511, 0.9634, 0.8149, 0.9258, 0.7124, 0.4861, 0.9722, 0.9805, 1.0303, 1.2188, 0.6147,
        0.6055, 0.8384, 0.5483, 1.0088, 0.6807, 0.7729, 0.8242, 0.7305, 0.6802, 0.4766, 0.9326])
