Weights Information:
# weights ver.2

Model Path: best.pt
Model Generated Time:   24-06-04, 20:02

Layer: model.7.bn.running_var | Size: torch.Size([256])
tensor([0.0410, 0.0299, 0.0411, 0.0463, 0.0338, 0.0248, 0.0315, 0.0471, 0.0451, 0.0166, 0.0303, 0.0291, 0.0622, 0.0309, 0.0542, 0.0242, 0.0289, 0.0336, 0.0486, 0.0287, 0.0498, 0.0377, 0.0382, 0.0272, 0.0325, 0.0366, 0.0309, 0.0327, 0.0297, 0.0484, 0.0267, 0.0760, 0.0416, 0.0501, 0.0449, 0.0417, 0.0213, 0.0472, 0.0427,
        0.0286, 0.0398, 0.1451, 0.0502, 0.0244, 0.0141, 0.0380, 0.0432, 0.0239, 0.0608, 0.0273, 0.0477, 0.0520, 0.0451, 0.0406, 0.0655, 0.0568, 0.0660, 0.0356, 0.0348, 0.0281, 0.0407, 0.0275, 0.0318, 0.0246, 0.0457, 0.0371, 0.0430, 0.0988, 0.0202, 0.0392, 0.0408, 0.0409, 0.0721, 0.0323, 0.0183, 0.0417, 0.0308, 0.0441,
        0.0330, 0.0381, 0.0507, 0.0332, 0.0316, 0.0478, 0.0193, 0.0308, 0.0381, 0.0308, 0.0231, 0.0370, 0.0365, 0.0250, 0.0457, 0.0324, 0.0289, 0.0356, 0.0446, 0.0710, 0.0252, 0.0339, 0.0231, 0.0668, 0.0484, 0.0312, 0.0356, 0.0358, 0.0342, 0.0715, 0.0488, 0.0281, 0.0381, 0.0203, 0.0296, 0.0373, 0.0386, 0.0518, 0.0656,
        0.0263, 0.0403, 0.0305, 0.0352, 0.0422, 0.0273, 0.0739, 0.0441, 0.0536, 0.0155, 0.0356, 0.0419, 0.0455, 0.0491, 0.0394, 0.0321, 0.0522, 0.0366, 0.0219, 0.0511, 0.0294, 0.0627, 0.0400, 0.0475, 0.0668, 0.0679, 0.0698, 0.0504, 0.0214, 0.0409, 0.0396, 0.0175, 0.0411, 0.0402, 0.0259, 0.0329, 0.0218, 0.0265, 0.0501,
        0.0269, 0.0385, 0.0425, 0.0288, 0.0505, 0.0654, 0.0297, 0.0363, 0.0386, 0.0459, 0.0349, 0.0326, 0.0585, 0.0465, 0.0428, 0.0461, 0.0473, 0.0313, 0.0488, 0.0609, 0.0408, 0.0336, 0.0161, 0.0507, 0.0353, 0.0388, 0.0411, 0.0213, 0.0270, 0.0429, 0.0372, 0.0315, 0.0892, 0.0302, 0.0270, 0.0865, 0.0426, 0.0307, 0.0514,
        0.0434, 0.0349, 0.0234, 0.0486, 0.0327, 0.0443, 0.0345, 0.0499, 0.0855, 0.0529, 0.0451, 0.0551, 0.0293, 0.0571, 0.0372, 0.0499, 0.0537, 0.0386, 0.0381, 0.0420, 0.0607, 0.0473, 0.0420, 0.0349, 0.0456, 0.0347, 0.0388, 0.0356, 0.0665, 0.0266, 0.0294, 0.0558, 0.0333, 0.0348, 0.0772, 0.0486, 0.0429, 0.0544, 0.0455,
        0.0756, 0.0626, 0.0264, 0.0565, 0.0576, 0.0352, 0.0309, 0.0374, 0.0473, 0.0680, 0.0326, 0.0695, 0.0404, 0.0294, 0.0413, 0.0311, 0.0345, 0.0486, 0.0255, 0.0441, 0.0534, 0.0379])
