Weights Information:
# weights ver.2

Model Path: best.pt
Model Generated Time:   24-06-04, 20:02

Layer: model.8.cv2.bn.running_mean | Size: torch.Size([256])
tensor([-0.2473, -0.0720, -0.0696, -0.2864, -0.3809, -0.1521, -0.0118,  0.0978,  0.0080, -0.1405, -0.2426, -0.0850, -0.1544, -0.1882, -0.1841, -0.1404, -0.1954, -0.0119, -0.0524, -0.2332,  0.0280, -0.2471, -0.2078, -0.3904, -0.1926, -0.0202, -0.0384, -0.2559, -0.1987, -0.1749, -0.2262, -0.1536, -0.1959, -0.0925,
        -0.0860, -0.1234, -0.2952, -0.0731, -0.1068, -0.2625, -0.1466, -0.3313, -0.1956, -0.3518, -0.1169, -0.2133, -0.1381, -0.4028, -0.1851, -0.2922, -0.2042,  0.0103, -0.0314,  0.0350, -0.0094, -0.3157,  0.0368, -0.1802, -0.1394, -0.0656,  0.0316, -0.1766, -0.3987, -0.0721, -0.1523, -0.1213, -0.1771, -0.1149,
        -0.1021, -0.2080, -0.0455, -0.1459, -0.1863, -0.2045, -0.3120, -0.1919, -0.1079, -0.1499, -0.2245, -0.2198, -0.1731, -0.2402, -0.0313, -0.2452, -0.3447,  0.2471, -0.0711, -0.2949,  0.1997, -0.2771,  0.1125, -0.1660, -0.1594, -0.1606, -0.0529, -0.0643, -0.2129, -0.0349, -0.2954, -0.2698, -0.1896, -0.3228,
        -0.0549, -0.2074, -0.1009, -0.0525, -0.0983, -0.2693, -0.2563, -0.2350, -0.1159,  0.0964, -0.1076, -0.2900, -0.0244, -0.1891, -0.3152, -0.1421, -0.1772, -0.3857, -0.0833, -0.2233, -0.1649, -0.4182, -0.3943, -0.2062, -0.2507, -0.1505, -0.2168, -0.0800, -0.2151, -0.3525, -0.2019, -0.1100, -0.0919, -0.2188,
        -0.2815, -0.0589, -0.2712, -0.1173,  0.0097, -0.0685, -0.3076, -0.0920, -0.0010, -0.1552, -0.2238, -0.3589, -0.3689, -0.2328, -0.1121, -0.2329, -0.2220, -0.0856, -0.3513, -0.3438, -0.2311, -0.1081, -0.2018, -0.2211, -0.1865, -0.1517,  0.0551, -0.1076, -0.3098, -0.0194, -0.3174, -0.3530, -0.1531, -0.1592,
        -0.0756, -0.2384, -0.1470, -0.1554, -0.3293, -0.2255, -0.1525, -0.3638, -0.2012, -0.0478, -0.1073, -0.3135, -0.0261, -0.2620, -0.2036,  0.0391, -0.2676, -0.2175,  0.0860, -0.2729, -0.2583, -0.3159, -0.1876, -0.1528, -0.3928, -0.2059, -0.1626, -0.3799, -0.0534, -0.1782, -0.3213, -0.4509, -0.2031, -0.4675,
        -0.3162, -0.1895, -0.3242, -0.2510, -0.4092, -0.1054, -0.1890, -0.2148, -0.1343, -0.2268, -0.1144, -0.1637,  0.3376,  0.0095,  0.0533, -0.1815, -0.1334, -0.1965, -0.1404, -0.0707, -0.2017, -0.1312,  0.0122, -0.5063, -0.2976,  0.0863, -0.1387, -0.0768, -0.1342, -0.2573, -0.3770, -0.0913, -0.2308, -0.3228,
        -0.2998, -0.0919, -0.0678, -0.0191, -0.3352, -0.1783, -0.3491, -0.2258,  0.4026, -0.3591, -0.1809, -0.3345, -0.1797, -0.2072, -0.1520, -0.3306, -0.3264, -0.2656])
