Weights Information:
# weights ver.2

Model Path: best.pt
Model Generated Time:   24-06-04, 20:02

Layer: model.9.cv1.bn.weight | Size: torch.Size([128])
tensor([0.7871, 0.9243, 0.8594, 1.0225, 1.0234, 0.7944, 0.8237, 2.0820, 1.1016, 0.9990, 1.2998, 0.7524, 0.6514, 1.3232, 0.8647, 0.7441, 1.0039, 1.0068, 1.0801, 0.8428, 1.2275, 0.9082, 0.8096, 0.8276, 0.7944, 0.7720, 0.9395, 0.8384, 0.8540, 0.9316, 0.7852, 0.9233, 1.0146, 0.8169, 0.8511, 1.0088, 0.8911, 0.9409, 0.7915,
        0.6997, 0.9756, 0.7495, 0.8569, 0.8032, 1.1416, 0.8462, 0.8882, 1.0508, 0.7129, 0.7700, 0.7397, 0.8979, 0.9043, 0.7295, 0.9712, 2.3105, 0.9951, 0.7036, 0.9468, 0.7998, 0.8081, 0.8936, 1.5479, 0.8857, 0.8975, 0.7778, 0.9053, 1.0752, 0.9404, 0.7632, 0.8784, 0.6885, 0.7847, 0.8745, 0.8354, 0.8213, 0.9785, 0.9038,
        0.9111, 0.7358, 1.9795, 0.9492, 0.8389, 0.9517, 1.0645, 0.7700, 0.7295, 0.8672, 0.8076, 0.8530, 0.8057, 0.7583, 1.6113, 0.8120, 1.1221, 0.9985, 0.7456, 0.9033, 0.8174, 1.1113, 0.9443, 0.7339, 0.8188, 0.9678, 0.7275, 1.6387, 0.9922, 0.8228, 0.8955, 0.8354, 0.8633, 1.0410, 0.8892, 0.9355, 0.8521, 0.7925, 0.7417,
        0.7637, 0.8613, 0.9336, 0.7495, 0.7812, 0.7910, 0.8228, 0.8984, 0.8027, 1.0918, 0.7822])
