Weights Information:
# weights ver.2

Model Path: best.pt
Model Generated Time:   24-06-04, 20:02

Layer: model.18.cv2.bn.weight | Size: torch.Size([128])
tensor([1.1553, 0.7280, 0.7139, 0.3972, 0.5791, 0.8457, 0.8042, 0.7363, 0.5029, 1.0664, 1.1377, 0.9102, 0.3667, 0.6685, 0.4553, 1.0244, 0.8340, 0.5571, 0.7090, 0.3455, 0.6904, 0.9375, 0.3071, 0.6978, 0.3394, 0.5796, 0.7710, 0.5708, 0.4048, 0.5601, 0.9341, 1.6787, 0.6509, 0.6860, 0.4109, 0.7422, 0.4094, 1.0967, 0.8071,
        0.5547, 1.3027, 0.6802, 0.9424, 0.4688, 0.3848, 0.4534, 0.8779, 0.2412, 0.9556, 0.9692, 0.7676, 0.4526, 0.6133, 0.5049, 0.8867, 0.7158, 1.1670, 0.8931, 1.3662, 0.3752, 0.8179, 0.7910, 0.7515, 1.0723, 0.7124, 0.8457, 0.7939, 0.8306, 0.4268, 0.7676, 0.5566, 0.6167, 0.7832, 1.0586, 1.0801, 0.3586, 0.3872, 0.4988,
        0.7344, 0.7607, 1.4736, 0.9292, 0.8594, 0.6289, 0.6909, 0.7026, 0.4612, 1.1045, 1.1602, 0.6157, 0.8062, 0.8892, 0.8823, 0.8398, 0.4204, 0.3369, 1.2588, 1.0029, 1.3750, 1.0723, 1.8389, 0.5195, 0.4409, 0.5728, 0.6733, 0.9888, 0.7275, 0.7998, 0.7500, 0.8789, 0.7300, 0.3694, 0.6470, 0.4504, 1.1182, 0.3892, 0.4248,
        0.5410, 0.5132, 0.8809, 0.5215, 0.3303, 0.5205, 0.3804, 0.9180, 0.4543, 0.3601, 0.5840])
