Weights Information:
# weights ver.2

Model Path: best.pt
Model Generated Time:   24-06-04, 20:02

Layer: model.3.bn.running_mean | Size: torch.Size([64])
tensor([ 8.4961e-01, -4.7388e-01, -8.0811e-01, -4.1089e-01,  3.1665e-01, -3.1909e-01, -1.5601e-01,  1.3098e-01,  1.9463e+00, -1.3154e+00, -4.0771e-01,  6.9238e-01, -2.5073e-01, -3.2178e-01, -1.2646e-01, -2.0020e-01, -8.5742e-01,  1.6592e+00,  3.3020e-02, -1.2178e+00,  9.3652e-01, -1.9531e-01, -1.2030e-01, -4.8145e-01,
         7.5684e-01,  8.1836e-01,  5.2588e-01,  2.0557e-01, -3.3960e-01, -5.4834e-01,  7.8308e-02, -8.0109e-04,  1.1279e+00, -2.9258e+00, -4.4653e-01, -7.3193e-01, -3.9624e-01,  2.2571e-01, -2.1948e-01, -2.4238e+00, -3.9038e-01,  6.7236e-01, -8.3984e-01,  2.1881e-02,  4.6396e-04, -8.7354e-01, -3.1348e-01, -3.4326e-01,
        -1.9248e+00, -4.5807e-02, -2.9492e-01, -6.9775e-01, -8.6133e-01,  2.3596e-01, -4.7656e-01,  1.4221e-01, -6.2500e-01, -1.6182e+00, -3.2318e-02, -4.8022e-01, -5.6201e-01, -3.7524e-01, -6.1035e-01, -5.3809e-01])
