Weights Information:
# weights ver.2

Model Path: best.pt
Model Generated Time:   24-06-04, 20:02

Layer: model.6.cv1.bn.running_var | Size: torch.Size([128])
tensor([0.0503, 0.0533, 0.0182, 0.0155, 0.0188, 0.0247, 0.0268, 0.0195, 0.0165, 0.0255, 0.0295, 0.0359, 0.0230, 0.0234, 0.0181, 0.0217, 0.0300, 0.0189, 0.0201, 0.0282, 0.0308, 0.0185, 0.0223, 0.0327, 0.0224, 0.0186, 0.0225, 0.0169, 0.0167, 0.0216, 0.0229, 0.0227, 0.0176, 0.0346, 0.0203, 0.0257, 0.0255, 0.0242, 0.0616,
        0.0199, 0.0319, 0.0217, 0.0213, 0.0367, 0.0185, 0.0154, 0.0297, 0.0279, 0.0497, 0.0535, 0.0570, 0.0320, 0.0245, 0.0211, 0.0189, 0.0180, 0.0264, 0.0302, 0.0148, 0.0185, 0.0144, 0.0283, 0.0277, 0.0360, 0.0284, 0.0332, 0.0237, 0.0182, 0.0412, 0.0282, 0.0464, 0.0662, 0.0465, 0.0270, 0.1226, 0.0690, 0.0212, 0.0677,
        0.0429, 0.0255, 0.0387, 0.0358, 0.0225, 0.0249, 0.0315, 0.0397, 0.0477, 0.0225, 0.0250, 0.0525, 0.0250, 0.0369, 0.0321, 0.0322, 0.0274, 0.0198, 0.0421, 0.0363, 0.0219, 0.0332, 0.0415, 0.0496, 0.0709, 0.0265, 0.0836, 0.0696, 0.0330, 0.0649, 0.0299, 0.0339, 0.0581, 0.0375, 0.0399, 0.0425, 0.0653, 0.0291, 0.0255,
        0.0434, 0.0189, 0.0215, 0.0378, 0.0196, 0.0347, 0.0400, 0.0252, 0.0297, 0.0272, 0.0567])
