Weights Information:
# weights ver.2

Model Path: best.pt
Model Generated Time:   24-06-04, 20:02

Layer: model.21.m.0.cv2.bn.bias | Size: torch.Size([128])
tensor([-1.1260e+00, -2.6514e-01,  3.2959e-01, -3.9917e-01, -5.4980e-01, -1.4954e-01, -6.0400e-01, -1.1367e+00,  6.3916e-01, -9.5068e-01, -9.9512e-01, -6.0107e-01, -5.1025e-01, -1.3311e+00, -1.3037e+00, -5.0732e-01, -1.5405e-01, -7.5439e-01, -4.5361e-01, -1.0391e+00, -3.1396e-01,  6.0107e-01, -6.8652e-01, -9.5459e-01,
        -7.8320e-01, -1.3057e+00, -4.6362e-01, -7.4316e-01, -7.5098e-01,  7.0020e-01, -3.0688e-01, -5.4590e-01,  7.1631e-01,  5.9717e-01,  1.8018e-01, -2.4683e-01, -7.5732e-01, -3.4766e-01, -1.5674e+00, -6.1035e-01, -2.1777e+00, -1.1346e-01, -1.1660e+00, -4.0869e-01, -4.2343e-03, -2.2491e-02, -9.8535e-01,  1.0010e-01,
        -5.8057e-01, -1.2988e-01, -3.8403e-01, -1.4319e-01, -1.7236e+00, -1.3489e-01, -4.7632e-01, -6.8164e-01, -7.0264e-01, -9.8096e-01, -9.8828e-01, -1.7529e-01, -2.7612e-01, -1.1318e+00, -8.8916e-01, -4.0845e-01, -2.2110e-02, -7.0068e-01, -3.0371e-01, -1.1914e-01, -7.1729e-01, -9.3555e-01, -7.2852e-01, -4.4751e-01,
        -4.9536e-01, -4.7241e-01, -1.2170e-01, -9.2578e-01, -1.0420e+00, -2.6318e-01, -8.3740e-01,  8.9417e-03, -9.7119e-01, -7.3340e-01, -1.2451e+00, -4.0723e-01,  2.1477e-03, -3.6255e-01,  4.6631e-01, -1.4678e+00, -7.6843e-02, -4.6826e-01, -9.9170e-01, -1.0078e+00,  2.7026e-01, -9.8193e-01, -6.8408e-01, -3.8062e-01,
        -5.8545e-01, -2.9614e-01, -7.1631e-01, -5.6055e-01, -1.2080e+00, -8.7158e-01, -8.2227e-01, -7.7344e-01, -2.8906e-01, -1.0342e+00, -1.2959e+00, -1.0371e+00,  7.2949e-01, -6.6162e-01, -8.3057e-01, -7.1484e-01, -1.3794e-01, -4.6436e-01, -2.7295e-01,  2.3877e-01, -5.7080e-01, -9.6924e-01, -4.5630e-01, -1.0577e-01,
        -1.0176e+00, -9.0479e-01, -1.2764e+00, -6.9434e-01, -1.0126e-01, -1.0967e+00, -8.0017e-02, -2.5122e-01])
