Weights Information:
# weights ver.2

Model Path: best.pt
Model Generated Time:   24-06-04, 20:02

Layer: model.21.cv1.bn.weight | Size: torch.Size([256])
tensor([1.1768, 1.1465, 1.0459, 1.2695, 1.1396, 1.2656, 1.2246, 1.0801, 1.0312, 1.2764, 1.1787, 1.0293, 1.1484, 1.3477, 1.3018, 1.2725, 1.1484, 1.1504, 1.3350, 1.0400, 1.1152, 1.4893, 1.1201, 1.3389, 1.1221, 1.1387, 1.1738, 1.2070, 1.2949, 1.1904, 1.2217, 1.0732, 0.9282, 1.3242, 1.4375, 1.5312, 1.2197, 1.1143, 1.2822,
        1.1904, 1.1572, 1.1855, 1.4756, 1.0391, 0.9585, 1.2881, 0.8906, 1.1553, 1.3076, 1.1631, 1.3057, 1.0342, 1.4033, 1.0146, 1.1543, 0.9702, 1.2168, 1.0166, 1.0742, 1.0811, 1.2568, 0.7866, 1.0254, 1.3242, 1.2891, 1.1328, 1.0771, 1.2969, 0.9810, 1.1689, 1.0830, 1.0547, 1.2236, 1.0508, 1.2607, 1.1846, 1.4062, 1.0723,
        1.1367, 0.9839, 1.2178, 1.2393, 1.4570, 1.1074, 1.2539, 1.2402, 1.2852, 1.3535, 1.2334, 0.9590, 1.0000, 1.0928, 1.1377, 1.1270, 1.1562, 1.0732, 1.2266, 1.3516, 1.3525, 1.5068, 1.4619, 1.2324, 1.0498, 1.1211, 1.1426, 1.0840, 1.2275, 1.0391, 0.9839, 0.9556, 1.1299, 1.1768, 1.0322, 1.3242, 1.2549, 1.2344, 1.0791,
        1.0586, 1.1748, 1.1045, 1.1318, 1.1357, 0.8208, 1.3223, 1.2100, 1.0996, 1.1250, 1.2686, 0.9756, 0.5020, 1.1777, 0.8594, 0.4756, 0.9624, 1.0830, 0.8882, 1.1836, 0.8799, 0.9087, 0.7979, 0.9062, 0.9839, 0.4597, 1.1211, 1.3174, 0.9399, 0.4893, 0.4236, 1.0381, 1.1924, 1.0283, 1.1016, 0.7456, 1.2051, 1.1367, 0.7129,
        1.0459, 1.1309, 0.8853, 1.3457, 0.8623, 1.0078, 0.8569, 1.3564, 0.9478, 0.6924, 1.0283, 0.7817, 0.9268, 0.8125, 1.5703, 1.1025, 0.9214, 0.8340, 0.8857, 0.8813, 0.7651, 1.0186, 0.6021, 0.4556, 0.9834, 0.8325, 0.3972, 0.9482, 0.9165, 1.0625, 0.7896, 1.0771, 0.7544, 0.7656, 0.4377, 0.8413, 1.0752, 1.0859, 1.2900,
        0.8101, 0.9116, 1.0000, 1.4561, 1.6055, 0.8901, 0.8481, 0.9038, 1.1895, 0.8311, 1.3330, 1.0469, 1.0205, 0.9292, 0.9097, 1.1250, 1.0186, 1.0078, 1.1357, 1.0605, 0.6162, 0.9395, 0.7417, 1.0449, 1.3076, 0.9424, 1.1553, 0.5083, 1.0654, 0.6221, 0.4875, 1.1338, 0.8667, 0.9004, 1.7402, 1.0361, 0.9380, 0.7129, 1.0498,
        1.0215, 0.6084, 0.8770, 0.9399, 1.0273, 0.8853, 0.8774, 0.5669, 1.0264, 1.0947, 0.8037, 1.1738, 1.0576, 0.9648, 1.1055, 0.7754, 0.8340, 1.2959, 1.1182, 1.1299, 0.6338, 0.8281])
