Weights Information:
# weights ver.2

Model Path: best.pt
Model Generated Time:   24-06-04, 20:02

Layer: model.22.cv3.0.0.bn.bias | Size: torch.Size([64])
tensor([-2.5520e-03,  5.5237e-03,  9.4891e-04, -4.3945e-03, -4.4441e-03, -1.5917e-03, -2.6188e-03, -4.8866e-03,  2.3975e-03,  2.5406e-03,  1.1005e-03,  1.7872e-03,  3.3493e-03,  3.5744e-03,  2.6627e-03,  1.3857e-03, -6.3801e-04,  2.6150e-03,  5.6534e-03,  6.3181e-06,  5.1003e-03, -4.4107e-04, -3.1590e-05, -4.4365e-03,
        -1.6823e-03,  5.9776e-03,  1.5574e-03,  1.3285e-03, -5.6458e-04, -4.1771e-03, -1.4954e-03,  3.7346e-03,  3.9978e-03,  2.9335e-03, -7.6103e-04, -1.9348e-04,  2.2755e-03,  3.0155e-03,  1.4734e-03, -6.2180e-04,  2.0428e-03, -2.3327e-03,  5.1918e-03,  3.0537e-03,  1.5945e-03,  3.6736e-03,  1.7881e-03, -1.4091e-04,
         2.1801e-03,  1.5316e-03, -1.8291e-03,  2.5158e-03, -1.5736e-03,  3.8490e-03,  5.8591e-05, -2.9392e-03,  3.2864e-03,  1.1063e-03,  8.0645e-05, -5.8842e-04,  5.9929e-03,  5.6601e-04,  4.1962e-03,  3.4103e-03])
