Weights Information:
# weights ver.2

Model Path: best.pt
Model Generated Time:   24-06-04, 20:02

Layer: model.21.cv1.bn.bias | Size: torch.Size([256])
tensor([-0.7104, -0.5508, -0.3755, -0.8496, -0.8042, -0.7725, -1.0020, -0.4785, -0.8047, -0.6265, -0.8496, -0.6743, -0.6812, -0.4868, -0.5854, -0.6943, -0.6919, -0.7373, -0.9214, -0.9424, -0.6816, -1.0547, -0.3828, -0.3638, -0.6299, -0.5630, -0.8276, -0.6333, -0.9321, -0.6094, -1.0566, -0.6533, -0.3240, -0.6870,
        -0.8037, -0.9092, -0.5396, -0.4341, -0.9976, -0.6636, -0.6357, -0.3843, -0.5269, -0.0652, -0.4070, -0.6367, -0.6050, -0.7847, -1.0684, -0.6343, -0.5352, -0.9878, -0.7783, -0.3584, -0.5303, -0.4480, -0.8184, -0.6499, -0.4680, -0.6357, -0.6025,  0.7959, -0.5986, -0.5083, -0.6968, -0.5732, -0.8037, -1.0039,
        -0.6260, -0.7075, -0.7446, -0.4175, -0.7817, -0.8799, -0.8354, -0.6270, -0.8169, -0.6450, -0.5479, -0.6577, -0.7969, -0.7173, -0.6982, -0.9351, -0.8994, -0.7373, -0.7920, -0.8462, -0.7715, -0.3369, -0.3794, -0.7183, -0.8013, -0.8574, -0.7437, -0.4187, -0.7705, -0.8770, -0.7969, -0.8633, -0.9585, -0.6997,
        -0.4558, -0.7881, -0.9722, -0.5986, -0.5078, -0.6602, -0.7314, -0.6411, -0.8716, -0.6807, -0.5361, -0.4849, -0.6143, -0.6807, -0.4333, -0.6982, -0.6968, -0.6719, -1.1299, -0.7417,  0.5669, -0.8413, -0.6997, -0.4204, -0.6265, -0.9600, -0.7036,  1.1211, -1.3564, -1.1182,  1.6123,  0.1729, -1.1309,  0.3997,
        -1.5762,  0.2424, -0.6304,  0.1354, -1.1182, -1.1953,  0.4714, -1.6914, -1.4346, -0.6665,  0.7720,  1.3369, -0.6318, -0.9517, -1.3701, -1.2666,  0.5347, -1.1006, -0.9492, -0.0708, -0.9771, -0.4402, -0.5845, -0.7988, -0.3250, -0.8560,  0.3857, -2.1445, -1.2285,  0.2402, -1.0088, -0.5293, -1.0322, -0.4949,
        -0.8145, -0.7886, -0.9648, -0.2827, -0.5938,  0.0873,  0.1914, -0.4995,  0.5059,  1.1553, -0.6201, -1.2695,  1.3115, -0.7515, -0.8472, -0.9424, -0.3245, -1.2627,  0.2418, -0.0567,  0.4312, -0.5049, -1.0859, -0.4199, -1.3457, -0.0848, -0.3687, -1.5244, -1.4189, -1.1221, -0.2327, -0.3374, -1.0391, -0.8276,
         0.3472, -0.9209, -0.9204, -0.8872, -0.3567, -0.4304, -1.5225, -1.3906, -0.6230, -0.8516, -0.7754,  0.2593, -1.0762, -0.3047, -1.3965, -1.3779,  0.1315, -0.8789,  0.8232, -1.9414,  0.3293,  0.7949, -1.5254,  0.1186, -0.0138, -0.7168, -0.8848,  0.0185,  0.4819, -1.5576, -0.8057,  0.3159, -0.0537, -0.7314,
        -0.3372, -0.8647,  0.3743,  0.5942,  0.0083, -1.3721,  0.3445, -0.5005, -0.5391, -1.5039, -1.1045, -0.2561,  0.1021, -2.5137, -1.2266, -0.8892,  0.6841, -0.1345])
