Weights Information:
# weights ver.2

Model Path: best.pt
Model Generated Time:   24-06-04, 20:02

Layer: model.19.bn.running_mean | Size: torch.Size([128])
tensor([ 0.0304, -0.1536,  0.1195,  0.1399, -0.0609,  0.0057,  0.0980, -0.0647,  0.1033,  0.0299,  0.0307, -0.1787,  0.0516,  0.1656,  0.1274,  0.0242,  0.0188, -0.0122, -0.0108,  0.2230, -0.0198, -0.0052, -0.0776, -0.1689,  0.0579, -0.0102, -0.2231, -0.1479, -0.1293, -0.0439, -0.2209, -0.1108, -0.1371,  0.1145,
        -0.0827, -0.0693,  0.0822, -0.0737,  0.1130, -0.0808,  0.1168, -0.1056,  0.1194, -0.0079,  0.0245, -0.1028, -0.1016, -0.0277,  0.2037, -0.1158,  0.0879, -0.0950,  0.2318, -0.1663,  0.0896, -0.2039, -0.0323, -0.0743, -0.1432, -0.0775,  0.0508,  0.0669,  0.0379, -0.0667,  0.0197,  0.0113,  0.0950,  0.0159,
         0.0359, -0.0692,  0.0436,  0.0602, -0.0291, -0.0490, -0.0893, -0.0316,  0.1489, -0.0611,  0.0632,  0.0506,  0.0054,  0.0218, -0.0816, -0.4001, -0.0392, -0.1610, -0.0410,  0.1361,  0.1560,  0.0046,  0.0117, -0.2217, -0.0005,  0.0959, -0.1520, -0.2042,  0.0078, -0.1149, -0.0385,  0.0011,  0.0413,  0.0511,
        -0.1533,  0.2244, -0.0805, -0.0128,  0.0087, -0.1157, -0.0556,  0.0724,  0.0917, -0.1708,  0.1212,  0.0076, -0.0526, -0.1814,  0.1011, -0.0593,  0.0933, -0.0023, -0.1537,  0.0365,  0.0122,  0.0167, -0.0634,  0.0318,  0.1041, -0.0094])
