Weights Information:
# weights ver.2

Model Path: best.pt
Model Generated Time:   24-06-04, 20:02

Layer: model.8.m.0.cv2.bn.running_mean | Size: torch.Size([128])
tensor([-7.1220e-03, -5.1172e-01, -2.3132e-02, -3.9734e-02, -1.2683e-01,  2.2720e-02, -6.9092e-02, -2.0105e-01, -7.3608e-02,  5.3162e-02, -9.8938e-02,  3.4961e-01, -2.2925e-01, -1.0822e-01, -3.8647e-01, -1.8887e+00, -1.1145e-01,  1.5480e-02, -8.2642e-02,  6.9580e-02, -1.9608e-02,  2.0850e-01, -5.5237e-02,  4.8248e-02,
         7.8918e-02,  7.7934e-03, -1.9055e-01, -1.1047e-01,  2.4323e-02, -1.1456e-01, -8.7830e-02, -2.0740e-01,  1.0266e-01,  1.4807e-01, -6.6662e-04, -4.8853e-01,  9.2651e-02, -1.3477e-01,  1.0242e-01, -1.0193e-01,  7.0801e-03,  3.2739e-01,  1.8005e-02,  3.1189e-02, -7.3242e-02, -3.2745e-02, -1.1627e-01, -7.0923e-02,
        -2.0239e-01, -1.7932e-01,  9.9411e-03, -1.9714e-02, -1.7410e-02, -7.6599e-02, -3.0933e-01,  4.2480e-02, -1.1060e-01,  1.3382e-02, -1.7407e-01, -1.1536e-01, -4.4507e-01,  9.7809e-03, -7.0557e-02, -2.2656e-01,  5.7739e-02,  6.3467e-04,  1.8204e-02,  5.2643e-02, -6.2469e-02, -9.7107e-02, -1.2256e-01, -1.1835e-01,
         3.3783e-02,  2.4128e-03, -1.0626e-01,  1.6382e-01, -2.1362e-01,  1.4270e-01,  4.6448e-02,  1.4722e-01, -1.7627e-01, -1.2772e-02, -1.3916e-01, -1.2439e-01, -1.2152e-01,  2.6929e-01, -1.9666e-01,  1.5283e-01, -1.1072e-01,  1.7078e-01, -1.4856e-01, -3.6133e-02, -1.2756e-01, -1.0724e-01, -1.2585e-01, -6.2622e-02,
         4.7836e-03, -7.5562e-02,  1.9629e-01, -8.7097e-02,  6.8970e-02, -1.2793e-01,  2.1375e-01, -1.6113e-01, -5.0507e-02, -4.8035e-02, -4.1138e-02, -1.5833e-01, -1.4648e-01,  6.1371e-02,  9.5215e-02, -3.3722e-02,  1.2781e-01, -1.1426e-01,  1.0083e-01, -2.9517e-01, -1.5100e-01,  1.5808e-02, -2.0981e-02,  4.6729e-01,
        -1.4636e-01, -3.8843e-01,  1.9943e-02, -1.7017e-01, -1.4270e-01, -1.3135e-01, -7.3792e-02,  2.6672e-02])
