Weights Information:
# weights ver.2

Model Path: best.pt
Model Generated Time:   24-06-04, 20:02

Layer: model.22.cv3.2.0.bn.running_mean | Size: torch.Size([64])
tensor([-1.1182e-01, -1.0083e-01, -3.1519e-01,  1.4990e-01,  1.8628e-01, -4.0527e-02, -3.3875e-02,  2.1826e-01, -1.1810e-01, -1.3184e-01, -9.3567e-02,  1.4404e-01, -1.8042e-01, -1.7468e-01, -1.2250e-01, -1.0291e-01, -1.4990e-01,  1.1578e-01, -1.3245e-01,  1.3222e-02,  1.0425e-01, -9.7839e-02, -1.0156e-01, -8.7891e-02,
        -6.7091e-04, -5.9753e-02,  2.0935e-01, -3.6316e-02, -1.1615e-01, -7.8735e-02, -1.6565e-01,  1.7236e-01,  2.5864e-02, -1.6699e-01, -1.6223e-01, -2.2290e-01, -1.1346e-01, -7.2449e-02, -4.3427e-02,  2.3254e-01,  1.9272e-02,  1.1938e-01,  4.5349e-02,  1.4990e-01, -1.4075e-01, -2.2314e-01, -8.4656e-02, -3.6713e-02,
         2.5317e-01, -1.9055e-01, -1.3527e-02,  1.1367e-04, -1.1102e-01, -1.7676e-01, -2.0715e-01, -9.5215e-02, -1.1389e-01, -1.2250e-01,  7.2205e-02, -1.8448e-02,  1.4679e-02, -1.1206e-01, -1.2170e-01, -1.5698e-01])
