Weights Information:
# weights ver.2

Model Path: best.pt
Model Generated Time:   24-06-04, 20:02

Layer: model.12.cv2.bn.running_mean | Size: torch.Size([128])
tensor([-0.1726,  0.2053, -0.1633, -0.0376, -0.0011,  0.0121, -0.1111, -0.2876, -0.0401,  0.0231,  0.0955, -0.2585,  0.1593,  0.0859, -0.0884,  0.0978, -0.0091, -0.0942, -0.0280,  0.1300, -0.2795,  0.1074, -0.1110, -0.0999, -0.1312, -0.0396,  0.2323, -0.2054,  0.0091,  0.0932, -0.0743,  0.0731,  0.2786,  0.1056,
         0.0362,  0.0332, -0.2148,  0.1758,  0.1763, -0.1022, -0.1987,  0.0922, -0.0388,  0.0230,  0.0873,  0.0547, -0.0611,  0.2235,  0.1519, -0.1094,  0.1129,  0.0047, -0.0077,  0.0634, -0.0618, -0.0869, -0.1666,  0.0107,  0.1898,  0.0578,  0.0493, -0.1279,  0.0330, -0.0284, -0.0355, -0.1196, -0.0478,  0.2600,
         0.1411,  0.0082,  0.1103,  0.0972,  0.0514,  0.1165,  0.0124,  0.0169,  0.0704, -0.1846, -0.0690,  0.0548,  0.2137,  0.0522,  0.0657, -0.0556, -0.0902, -0.0053,  0.0812, -0.0172,  0.0229,  0.1367,  0.0832, -0.4666,  0.0771,  0.1716, -0.0207,  0.0750, -0.0706, -0.0155, -0.1458, -0.1488, -0.0232,  0.0175,
        -0.0934, -0.2321, -0.0273, -0.0226,  0.0956, -0.1736,  0.1842,  0.0094, -0.0654,  0.0565,  0.1610, -0.1192, -0.1486,  0.1213,  0.1433, -0.0536, -0.2004, -0.1740, -0.1445,  0.0893,  0.1421,  0.1615, -0.0185, -0.0674,  0.0589,  0.0974])
