Weights Information:
# weights ver.2

Model Path: best.pt
Model Generated Time:   24-06-04, 20:02

Layer: model.6.m.0.cv2.bn.running_mean | Size: torch.Size([64])
tensor([ 4.0314e-02,  1.5125e-01, -2.7180e-04,  1.1310e-01, -6.1096e-02, -7.5989e-02, -2.1228e-01, -2.1210e-02,  4.1534e-02,  2.0532e-01, -6.7261e-02,  1.9446e-01,  8.3740e-02,  1.5112e-01, -3.0212e-02,  3.2043e-02,  2.0737e-02,  1.1145e-01,  2.4438e-01,  1.4026e-01, -5.2124e-02,  1.3416e-01,  1.4563e-01,  1.9580e-01,
         1.0480e-01,  3.7628e-02, -2.5997e-03,  9.7046e-02,  2.1973e-01,  8.1726e-02,  4.8767e-02,  1.0931e-01,  2.1057e-01, -2.7023e-02,  2.1362e-01,  9.4604e-02,  1.6321e-01, -8.4900e-02, -5.4962e-02,  8.7891e-02,  3.3752e-02,  1.7053e-01,  8.9050e-02,  5.4932e-02,  8.6304e-02,  5.1636e-02,  2.6276e-02,  7.4585e-02,
         8.7708e-02,  1.0608e-01,  7.8003e-02,  3.6987e-01,  5.8472e-02,  5.9509e-02,  8.0322e-02,  6.6284e-02,  1.3330e-01,  2.1454e-02,  1.4209e-01,  4.5410e-02,  6.4926e-03,  6.7017e-02,  2.3474e-01, -9.3994e-02])
