Weights Information:
# weights ver.2

Model Path: best.pt
Model Generated Time:   24-06-04, 20:02

Layer: model.5.bn.bias | Size: torch.Size([128])
tensor([-0.8853, -0.7847, -0.2683, -1.7227,  0.8667,  0.0247,  0.1437,  1.0420, -0.6060, -1.3086, -0.6479, -0.2949, -0.6255, -0.2856, -0.2389, -0.7485, -0.0112, -0.7686, -1.3154,  0.8931, -0.6060,  0.0872,  0.4290, -0.7993, -0.0921, -0.2014,  0.9678, -0.8364, -0.0199, -1.2930, -0.1431, -0.8677,  0.4966, -0.5146,
         0.8613, -0.1857, -0.3169, -0.1219, -0.6094, -1.0371, -0.3948, -0.4434,  0.8003,  0.4463,  0.5278,  0.3640, -0.6274, -0.9551, -0.3862, -0.3257,  0.4290, -0.6045, -0.9390, -0.8916, -1.0840,  1.2363,  0.7168, -0.0251, -0.6934, -0.7207, -0.7139, -1.3604, -0.8872, -0.7710,  0.3333,  0.4963,  0.1556, -0.5864,
         0.1052, -0.6729, -0.9419,  1.1904, -0.7778,  1.2373, -1.1855, -0.3179, -1.3359, -0.3599,  0.0199,  0.6367, -0.3940,  0.5044, -0.1876,  0.5474, -0.9751, -1.0732,  0.0777,  0.2739, -0.9922,  0.9648, -1.2891,  0.4978,  0.3809,  0.3240, -1.1113,  0.8462, -0.2330, -0.8335, -0.7773, -0.5649, -0.4905, -0.4109,
        -0.7891, -0.6450, -0.0262, -1.3584,  0.7407,  0.3347,  0.9561, -0.8794, -0.2051, -0.5889,  0.3447, -0.2434,  1.0576, -0.5190,  0.1322, -0.0529, -0.2153, -0.7529,  0.1283, -0.6040,  0.2761,  0.2103, -0.6689,  0.1499,  0.7983, -0.8071])
