Weights Information:
# weights ver.2

Model Path: best.pt
Model Generated Time:   24-06-04, 20:02

Layer: model.22.cv2.2.0.bn.bias | Size: torch.Size([64])
tensor([-9.0186e-01, -3.6426e-01, -6.9873e-01, -4.3311e-01, -9.6191e-01, -6.7432e-01, -7.3340e-01,  6.6471e-04,  4.5581e-01, -5.3467e-01,  9.8877e-01,  6.0742e-01, -7.3828e-01, -9.6289e-01,  1.1543e+00,  2.6123e-01, -7.4951e-01, -1.0625e+00,  3.9941e-01, -1.6602e+00, -7.6367e-01, -7.9688e-01, -4.9561e-02, -7.5977e-01,
        -2.9712e-01, -3.1494e-01, -1.1017e-01, -2.4878e-01,  1.6138e-01, -6.7041e-01, -1.4414e+00, -4.8035e-02,  2.6978e-01, -5.9961e-01, -4.9805e-01, -4.6362e-01,  4.6265e-01,  1.8494e-01, -5.6738e-01, -1.0052e-01, -7.0801e-01, -9.0967e-01, -5.0635e-01,  2.8247e-01, -9.4116e-02,  1.0186e+00,  4.4702e-01, -7.5928e-01,
        -1.7017e-01,  1.4053e+00, -7.3096e-01,  3.1421e-01, -3.9917e-01, -5.4883e-01,  2.0398e-01, -7.2803e-01, -4.5117e-01,  2.0715e-01,  8.0615e-01, -9.3408e-01,  6.1829e-02, -3.9062e-01, -3.3105e-01, -2.4658e-01])
