Weights Information:
# weights ver.2

Model Path: best.pt
Model Generated Time:   24-06-04, 20:02

Layer: model.21.m.0.cv1.bn.bias | Size: torch.Size([128])
tensor([-0.8120, -1.7812, -0.9297, -0.3657, -1.1699, -0.9810, -1.3926,  0.2434,  0.2339, -1.3887, -0.8403, -1.0186, -0.3625, -1.6484, -0.0634, -1.2959, -1.0449,  0.0552, -0.3057, -0.5151, -0.7886, -1.2295, -1.3613, -0.6797, -1.2725, -0.7319, -1.0361,  0.0546, -1.3105, -1.0234, -1.7598, -1.2686, -0.6021, -1.4609,
        -1.2402, -2.2988, -1.2373, -1.9512, -1.1182, -1.2422, -1.0625, -0.2727, -1.4268, -0.8613, -1.3896, -1.5146, -1.2773, -1.1084, -0.5210, -0.5806, -0.6357, -0.5474, -1.3291, -1.0293, -1.2041, -1.5049,  0.2255, -1.3428, -1.3164, -1.3604, -1.3857,  0.1217, -0.4558, -1.2861, -0.4861, -1.4678, -1.3281, -1.1504,
        -1.3232, -1.0068, -0.2189,  0.0521, -1.5322, -0.2146, -1.1758, -0.8228, -1.6299, -0.6353, -0.2212, -1.1133, -1.0693, -1.3496, -1.3730, -1.2568,  0.8853, -1.3135, -1.0986, -2.2363, -1.5264, -1.5205, -0.9224, -0.6084, -2.1133, -0.0845, -0.0346, -1.4492, -1.0068, -1.3350, -1.4688, -1.5947, -0.4438, -1.6777,
        -0.1281, -1.0693, -1.1826, -0.5552, -1.7344, -1.5420, -0.6064, -0.6572, -0.9434, -0.8071, -0.8345, -0.6021, -1.6143, -1.5947, -0.7803, -1.4336,  0.0790, -1.3623, -1.4873, -1.2773, -1.2100,  1.5498, -1.3564,  0.1099, -0.1560, -0.7798])
