Weights Information:
# weights ver.2

Model Path: best.pt
Model Generated Time:   24-06-04, 20:02

Layer: model.5.bn.running_var | Size: torch.Size([128])
tensor([0.0734, 0.0417, 0.1113, 0.0562, 0.0991, 0.0829, 0.0595, 0.1375, 0.0302, 0.1245, 0.0519, 0.0341, 0.0458, 0.1012, 0.0419, 0.0420, 0.0683, 0.0402, 0.0460, 0.0821, 0.0754, 0.1199, 0.0983, 0.0459, 0.0398, 0.1045, 0.0836, 0.0274, 0.1434, 0.0483, 0.0587, 0.0326, 0.0808, 0.0670, 0.0856, 0.0896, 0.1108, 0.0662, 0.1023,
        0.0410, 0.0238, 0.0492, 0.1260, 0.4001, 0.0558, 0.1343, 0.0466, 0.0721, 0.0500, 0.0526, 0.1506, 0.0341, 0.0611, 0.0328, 0.0289, 0.1052, 0.0434, 0.1160, 0.0246, 0.0457, 0.0528, 0.0810, 0.0506, 0.0444, 0.1539, 0.0933, 0.1109, 0.0339, 0.1266, 0.0908, 0.0235, 0.1133, 0.0525, 0.0592, 0.0277, 0.0375, 0.0486, 0.0508,
        0.0845, 0.0386, 0.0534, 0.0620, 0.0502, 0.0795, 0.0749, 0.0493, 0.1617, 0.0755, 0.0517, 0.0928, 0.0851, 0.1449, 0.1619, 0.0656, 0.0804, 0.0826, 0.0648, 0.0595, 0.0352, 0.0981, 0.0949, 0.0677, 0.0612, 0.0544, 0.1782, 0.0222, 0.0461, 0.1743, 0.0969, 0.0515, 0.1268, 0.0456, 0.1852, 0.0620, 0.2056, 0.0622, 0.0883,
        0.0607, 0.0761, 0.0679, 0.2852, 0.0775, 0.0498, 0.2690, 0.0616, 0.1759, 0.1026, 0.0847])
