Weights Information:
# weights ver.2

Model Path: best.pt
Model Generated Time:   24-06-04, 20:02

Layer: model.9.cv1.bn.running_var | Size: torch.Size([128])
tensor([0.0382, 0.0543, 0.0420, 0.0467, 0.0598, 0.0406, 0.0452, 0.3303, 0.0658, 0.0655, 0.2073, 0.0347, 0.0320, 0.0719, 0.0483, 0.0353, 0.0606, 0.0581, 0.1008, 0.0373, 0.0986, 0.0472, 0.0380, 0.0296, 0.0446, 0.0376, 0.0555, 0.0522, 0.0458, 0.0490, 0.0433, 0.0471, 0.0893, 0.0328, 0.0533, 0.0897, 0.0532, 0.0482, 0.0385,
        0.0330, 0.0511, 0.0294, 0.0491, 0.0492, 0.0646, 0.0562, 0.0404, 0.1202, 0.0419, 0.0380, 0.0385, 0.0526, 0.0455, 0.0384, 0.0533, 0.3025, 0.0648, 0.0246, 0.0643, 0.0504, 0.0419, 0.0487, 0.1560, 0.0614, 0.0612, 0.0461, 0.0394, 0.0609, 0.0743, 0.0657, 0.0489, 0.0342, 0.0315, 0.0629, 0.0326, 0.0395, 0.0535, 0.0472,
        0.0492, 0.0330, 0.3821, 0.0737, 0.0459, 0.0477, 0.0555, 0.0392, 0.0371, 0.0661, 0.0628, 0.0521, 0.0301, 0.0367, 0.1501, 0.0552, 0.0963, 0.0497, 0.0299, 0.0558, 0.0398, 0.0688, 0.0500, 0.0338, 0.0350, 0.0643, 0.0490, 0.1870, 0.0540, 0.0619, 0.0554, 0.0462, 0.0387, 0.0581, 0.0446, 0.0731, 0.0355, 0.0401, 0.0347,
        0.0326, 0.0568, 0.0656, 0.0303, 0.0366, 0.0423, 0.0381, 0.0787, 0.0479, 0.0521, 0.0435])
