Weights Information:
# weights ver.2

Model Path: best.pt
Model Generated Time:   24-06-04, 20:02

Layer: model.8.m.0.cv1.bn.running_mean | Size: torch.Size([128])
tensor([-0.0558, -0.0891,  0.1182,  0.0144,  0.1404, -0.2930, -0.1017, -0.0024, -0.0614, -0.1013, -0.0701, -0.1209, -0.0293, -0.1172, -0.1376, -0.2930, -0.1495, -0.0580,  0.0551,  0.0615, -0.1379, -0.0422,  0.0836, -0.0701, -0.0861,  0.0756,  0.0856,  0.0854, -0.0608, -0.0768, -0.0300,  0.0084,  0.1204, -0.1031,
         0.1185, -0.1122, -0.0316, -0.0642, -0.0573, -0.0945, -0.1388, -0.1372,  0.0020, -0.0708, -0.2435,  0.0914,  0.0433,  0.0107, -0.1753, -0.1267, -0.0848,  0.0234, -0.2668, -0.1558, -0.0016,  0.1122,  0.0024, -0.2238,  0.5327, -0.1268, -0.0581, -0.0891,  0.0124, -0.1594, -0.1204, -0.0585, -0.0418,  0.0241,
        -0.0951, -0.1257, -0.1454, -0.0080, -0.0635, -0.1293, -0.1074, -0.0303, -0.1083,  0.0360,  0.0177,  0.0498, -0.2444, -0.1527, -0.0909, -0.2366, -0.1641, -0.2112,  0.0200,  0.0492, -0.0041, -0.1299, -0.1536, -0.0342, -0.0439, -0.1510,  0.0292,  0.2153, -0.1055, -0.0944,  0.1316,  0.0396, -0.0171, -0.1187,
        -0.0972,  0.0107, -0.1240, -0.0757,  0.0642, -0.1360,  0.0875, -0.0247,  0.0518, -0.1070, -0.0352, -0.1746,  0.2498, -0.0170, -0.1146, -0.2007, -0.0479, -0.1680, -0.1092, -0.0613, -0.1180, -0.0231, -0.1008,  0.0582, -0.0481, -0.1547])
