Weights Information:
# weights ver.2

Model Path: best.pt
Model Generated Time:   24-06-04, 20:02

Layer: model.8.cv2.bn.bias | Size: torch.Size([256])
tensor([-0.6943, -1.3340, -0.6641, -0.9795, -0.8315, -0.9160, -0.8198,  0.1504, -0.6738, -0.3308, -0.3374, -0.6919, -1.2334, -0.8975, -0.7803, -0.8901, -1.3799, -0.3901, -0.3989, -0.7793, -0.8247, -1.0879, -0.6650, -1.7646, -0.7334, -0.4163, -0.3352, -0.2201, -0.5200, -0.4468, -0.9214, -0.7715, -0.5605, -0.3242,
        -0.8877, -1.1670, -1.1260, -0.1023, -0.6763, -0.6284, -0.4866, -1.4336, -0.4963, -0.1769,  0.6431, -0.9614, -1.0020, -0.8945, -0.7720, -0.5513, -1.1582, -0.8521,  0.1490, -0.2859, -0.5796, -0.5029, -1.0537, -0.5020, -0.8179, -0.5278, -0.0099, -0.6392, -0.1748, -1.0244, -0.9248, -1.1328, -0.8330, -0.9331,
        -0.5728, -0.8672, -0.5425, -0.8950, -0.6909, -0.2214, -0.1606, -1.0596,  0.2659,  0.0039, -0.8276, -0.9858, -0.4126, -1.1016,  0.0101, -0.7808, -0.0548, -0.1531, -0.8276, -1.2773, -0.9194, -1.4561, -0.4487, -1.2607, -0.8296, -1.3008,  0.6074, -0.9019, -0.6738, -0.2229, -1.5049, -0.7251,  0.0802, -0.7114,
        -0.8711, -1.3994, -0.4573, -1.1855, -0.6963, -0.9180, -0.8188, -1.0010, -1.1328, -0.9189, -0.4514, -0.5996, -0.6694, -0.6382, -0.3127, -0.9448,  1.0518, -0.7695, -0.1794, -0.6318,  0.2490, -0.8774, -0.7495, -0.9941, -0.5312, -0.3735, -1.3213, -1.0703, -0.6426, -1.0195,  0.0555, -0.5513, -1.1523, -0.5381,
        -0.9087, -0.6890, -0.8447, -0.3813, -0.2754, -0.4468, -0.5732, -0.1499, -0.2952, -0.7217, -1.1797, -0.1087, -0.6567, -0.9600, -0.3091, -0.4133, -0.9497, -0.4321, -0.7480, -0.5654, -1.1680, -1.2656, -0.3533, -0.3962, -0.7407, -0.8794, -0.4062, -0.8218, -0.7397, -0.6621,  0.2905, -1.6523, -0.8057, -0.4775,
        -0.2261, -0.8574, -0.5630, -0.8062, -1.0664, -1.5693,  0.2366, -1.4883, -0.9102, -0.7822, -0.6240, -1.6045, -0.4102,  0.0662, -1.0791, -1.1748, -1.2354, -1.5820,  0.0479, -0.7827, -0.5327, -0.9487,  0.1389, -0.7822, -1.1738, -0.5879, -1.1494, -1.1465, -0.5903, -0.7480,  0.9961, -0.7056, -0.8574, -1.6064,
        -0.8594, -1.3301,  0.0038, -0.2344, -1.1924, -1.1357, -0.4497, -1.2617, -0.7715, -1.4912, -0.8892, -1.1768,  0.8052, -0.3672, -0.4492, -0.8066, -0.6782, -0.4182, -1.2568,  1.3721, -0.1294, -0.7622, -0.5005,  0.6353, -0.7388, -0.3091, -0.8735, -0.7822, -0.8457, -1.1777, -0.0140, -0.5391, -1.7197, -1.2324,
        -0.4836, -0.6323, -0.7852, -1.1104, -1.0508, -1.1035, -1.1299, -0.8481, -0.5986, -0.3804, -0.5493, -1.0957, -0.8350, -1.0479, -0.8369, -0.3291, -1.2100, -1.4912])
