Weights Information:
# weights ver.2

Model Path: best.pt
Model Generated Time:   24-06-04, 20:02

Layer: model.8.cv1.bn.bias | Size: torch.Size([256])
tensor([-0.4365, -0.2373, -0.4622, -0.6113, -0.6934, -0.2256, -0.3230, -1.2598, -0.5044, -0.9438, -0.1558, -0.2859, -0.4497, -0.2385, -0.8306, -0.9141, -0.6460, -0.2203, -0.4050, -0.9370,  0.2030, -0.3491, -0.6113, -1.2012, -0.8086, -0.3628, -0.3220, -0.8452, -0.2111, -1.0664, -0.4727, -0.9517, -0.0544, -0.5649,
        -0.4641, -0.3257, -0.5859, -0.6992, -0.9214, -0.5239, -0.5347, -0.5464, -0.4094, -0.7402, -0.4163, -0.8877, -0.5850, -0.5054, -0.4102, -0.6650, -0.3293, -0.5811, -0.2498, -0.9082, -0.5825, -0.4370, -0.9565, -0.5933, -0.7964, -0.3242, -0.5977, -0.2737, -0.5249, -0.5366, -0.4836, -0.6963, -0.4661, -0.4741,
        -0.3652, -0.8364, -0.6362, -0.8999, -0.3105, -0.4734,  0.0660, -0.9810, -0.3118, -0.2502, -0.9067, -0.2837, -0.0326, -0.1359, -0.2798, -0.3704, -0.6973, -0.1844, -0.8354, -0.5762, -0.4185, -0.2744, -0.3784,  0.0622, -0.3496,  0.0275, -0.3977, -1.0215,  0.0919, -0.8672, -0.6899, -0.0908, -0.2893, -0.6377,
        -0.7891, -0.8711, -0.4290, -0.4624, -0.5176, -0.2416, -0.3877, -1.4844,  0.1976, -0.5195, -0.4167, -0.6235, -0.4189, -0.8730, -0.3577, -0.8447, -0.9712, -0.7231, -0.8242, -0.7754, -0.7334, -0.7935, -0.6450, -0.2913, -0.6445, -0.7651, -0.7979, -1.6846, -2.3887, -0.5225, -1.2646, -0.1058,  0.0835,  0.4409,
        -0.5127, -1.5381, -0.6265, -1.2793, -1.6426, -1.4551, -0.4092, -1.0098, -1.3359,  0.0361, -1.1797, -0.1426, -1.5947, -1.8545, -0.5239, -1.0977, -1.6895, -1.5029, -1.5957, -0.0310,  0.0706, -0.6978, -1.4912, -2.1836, -0.4397, -1.3438, -1.6348, -0.4316, -1.5645, -0.9878, -1.1357, -0.1625, -0.4541,  0.9199,
        -0.8501, -0.2781, -0.8481, -2.6836, -0.8433, -0.6431, -0.7002, -0.7886, -0.7695,  0.1472, -2.0527,  0.0911, -0.7700, -0.7119, -0.4329, -2.2539, -1.0967, -1.4844, -1.2598, -0.7324, -0.6387, -1.0488, -0.8296, -1.3496, -0.1328, -0.1661, -0.2324, -1.1992, -1.4170, -0.6655, -1.8105, -1.5771, -0.8022, -1.5166,
        -0.1455, -1.4922, -0.7417, -1.9189, -0.5596, -0.8418, -0.7676, -0.5737, -1.7803, -0.2019, -0.9321, -0.9531, -0.5376, -0.2000, -2.2031, -1.3271, -0.6846, -1.4395, -1.3242, -1.4004, -0.5879, -1.5713, -0.4187, -0.2125, -0.4221, -0.6680, -1.4346, -1.7197, -1.7061, -1.5723, -0.6821, -1.6709, -0.1580, -1.7217,
        -0.7568, -0.9644, -1.4492, -0.8384, -1.6934, -2.3398, -0.7393,  1.8496, -1.1924, -0.7690, -0.9722, -0.1355, -0.7598, -0.2441, -0.8159, -0.0611, -0.7798, -1.7695])
