Weights Information:
# weights ver.2

Model Path: best.pt
Model Generated Time:   24-06-04, 20:02

Layer: model.21.m.0.cv1.bn.running_mean | Size: torch.Size([128])
tensor([ 4.1595e-02,  1.4465e-01, -1.4294e-01, -7.9773e-02, -5.3741e-02,  2.1591e-02,  2.2049e-02, -1.9299e-01, -2.6886e-02, -2.7173e-01, -4.0855e-03, -1.6882e-01, -1.3574e-01, -1.7456e-02, -2.5122e-01, -4.0894e-02, -1.1803e-02, -1.2000e-01, -7.4524e-02, -5.4718e-02, -1.0065e-01, -4.6173e-02,  9.2590e-02, -4.5837e-02,
         5.9509e-02,  9.2957e-02, -8.2947e-02, -1.5735e-01, -2.0312e-01, -2.9724e-02,  8.6975e-02,  6.0547e-02,  1.3771e-02,  1.2866e-01,  3.8433e-03, -7.7454e-02, -4.1107e-02, -1.6937e-02,  3.4485e-02,  8.9417e-02,  6.6467e-02,  2.8858e-03, -1.3342e-01,  4.9011e-02,  6.4026e-02,  1.0425e-01, -5.8502e-02,  1.1200e-02,
        -1.5088e-01,  1.0956e-02, -2.9199e-01,  1.2494e-01, -2.8290e-02, -7.4951e-02, -7.2975e-03,  2.8214e-02,  1.0773e-01,  7.4524e-02,  4.1382e-02, -6.6284e-02,  1.2253e-02, -2.1436e-01, -1.0126e-01, -3.4199e-03, -1.2610e-01, -2.5299e-02,  1.3770e-01, -1.0962e-01, -9.5947e-02,  1.4885e-02, -7.0740e-02, -9.7778e-02,
         9.3628e-02, -2.3083e-01,  1.0510e-01, -6.7993e-02,  1.4783e-01, -5.2063e-02, -3.5675e-02, -2.0386e-02, -3.2210e-04, -2.5215e-03,  4.1534e-02, -7.8583e-03, -2.6489e-01,  1.4782e-03,  2.1896e-02, -1.2195e-01,  2.3389e-01,  3.2120e-03, -3.5583e-02, -1.4380e-01,  4.7882e-02, -6.9153e-02, -3.7994e-02,  9.3994e-02,
        -1.2988e-01, -2.4756e-01, -5.9471e-03, -1.2061e-01, -1.1493e-01,  4.4617e-02, -4.1840e-02,  1.6235e-02, -2.7065e-03, -3.8544e-02,  6.8237e-02,  1.0071e-02,  8.6548e-02,  4.6043e-03, -8.4595e-02, -4.1412e-02, -4.0723e-01, -6.0699e-02, -3.9581e-02,  4.9347e-02, -1.5601e-01,  1.0767e-01, -1.0114e-01, -1.0266e-01,
        -5.3741e-02,  1.2913e-03, -3.5840e-01,  7.4043e-03, -5.4131e-03, -4.0039e-02, -3.5492e-02,  1.3647e-01])
