Weights Information:
# weights ver.2

Model Path: best.pt
Model Generated Time:   24-06-04, 20:02

Layer: model.8.m.0.cv1.bn.running_var | Size: torch.Size([128])
tensor([0.0184, 0.0218, 0.0469, 0.0406, 0.0285, 0.0244, 0.0320, 0.0289, 0.0163, 0.0273, 0.0266, 0.0161, 0.0359, 0.0209, 0.0255, 0.0228, 0.0194, 0.0359, 0.0497, 0.0240, 0.0307, 0.0493, 0.0299, 0.0213, 0.0166, 0.0232, 0.0644, 0.0625, 0.0395, 0.0246, 0.0236, 0.0480, 0.0521, 0.0264, 0.0497, 0.0249, 0.0304, 0.0321, 0.0223,
        0.0224, 0.0234, 0.0264, 0.0318, 0.0328, 0.0480, 0.0244, 0.0355, 0.0194, 0.0245, 0.0358, 0.0254, 0.0305, 0.0270, 0.0338, 0.0240, 0.0312, 0.0168, 0.0325, 0.0398, 0.0314, 0.0249, 0.1008, 0.1223, 0.0181, 0.0168, 0.0220, 0.0212, 0.0252, 0.0278, 0.0478, 0.0407, 0.0261, 0.0240, 0.0197, 0.0253, 0.0312, 0.0597, 0.0430,
        0.0404, 0.0368, 0.0317, 0.0183, 0.0486, 0.0319, 0.0268, 0.0391, 0.0427, 0.0294, 0.0408, 0.0459, 0.0505, 0.0266, 0.0200, 0.0329, 0.0195, 0.0264, 0.0260, 0.0264, 0.0278, 0.0213, 0.0302, 0.0239, 0.0219, 0.0215, 0.0198, 0.0237, 0.0221, 0.0630, 0.0649, 0.0188, 0.0448, 0.0249, 0.0364, 0.0297, 0.0290, 0.0320, 0.0335,
        0.0262, 0.0512, 0.0374, 0.0481, 0.0183, 0.0165, 0.0203, 0.0541, 0.0407, 0.0231, 0.0230])
