Weights Information:
# weights ver.2

Model Path: best.pt
Model Generated Time:   24-06-04, 20:02

Layer: model.6.cv1.bn.bias | Size: torch.Size([128])
tensor([-7.9775e-04, -1.9775e-01,  3.1787e-01, -9.5020e-01, -1.4111e+00, -1.7920e-01, -8.7939e-01, -1.0723e+00, -6.4893e-01, -1.2002e+00, -1.0669e-01,  5.4932e-01, -1.6858e-01,  6.8970e-02,  2.0850e-01,  1.8774e-01, -2.8076e-01, -2.3486e-01, -1.8262e-01, -1.1025e+00, -1.1738e+00, -1.1895e+00,  1.4971e+00,  4.2480e-01,
         3.7939e-01, -7.7197e-01,  1.5942e-01, -5.7520e-01, -1.1309e+00, -3.3173e-02, -4.2749e-01, -4.6997e-02, -4.5410e-02, -7.6074e-01, -1.2744e+00,  1.6870e-01, -3.0176e-01, -1.7261e-01,  1.0608e-01,  4.7485e-02, -8.8818e-01, -5.2832e-01, -5.8691e-01, -4.7998e-01,  1.6016e-01,  3.3423e-01, -4.8315e-01,  4.8608e-01,
         2.8992e-02, -2.0459e-01, -7.7100e-01, -2.1436e-01, -5.8350e-01,  1.2021e+00, -2.4780e-01, -1.1221e+00,  2.2888e-01, -1.0547e+00, -2.6465e-01, -4.0625e-01, -6.2793e-01, -2.7539e-01,  7.6855e-01, -1.4062e+00,  6.0791e-01,  2.8076e-01, -7.9150e-01, -1.0352e+00,  5.1416e-01,  3.4644e-01,  2.3962e-01,  5.1239e-02,
        -5.0488e-01,  4.2407e-01,  5.9668e-01, -3.5400e-01, -1.0674e+00,  3.9551e-01,  3.8623e-01,  9.5166e-01,  1.1025e+00,  1.0625e+00,  4.1577e-01, -5.8887e-01, -6.6016e-01,  1.7929e-02, -2.7881e-01,  8.1934e-01,  7.1631e-01, -9.0674e-01, -5.7617e-01, -3.6738e+00,  5.7520e-01,  9.9487e-02,  2.9004e-01,  4.9683e-01,
         4.2798e-01, -2.8271e-01, -6.6797e-01,  3.9520e-02,  1.0625e+00,  2.5586e-01,  5.1208e-02, -1.4102e+00,  6.4880e-02,  3.4717e-01,  8.1006e-01,  6.6699e-01,  7.9541e-01,  4.2334e-01,  1.3301e+00,  6.2256e-01, -7.6416e-01,  9.0039e-01,  1.9519e-01, -1.2262e-01, -3.8501e-01, -2.7173e-01,  4.8120e-01, -3.2422e-01,
        -8.3301e-01, -1.9443e+00, -1.0430e+00, -5.2588e-01,  7.9443e-01, -7.9285e-02,  5.6494e-01,  9.8633e-01])
