Weights Information:
# weights ver.2

Model Path: best.pt
Model Generated Time:   24-06-04, 20:02

Layer: model.18.cv2.bn.running_mean | Size: torch.Size([128])
tensor([-1.0309e-01, -1.5564e-01, -2.0056e-01, -5.3825e-03,  7.4097e-02, -3.9124e-02, -2.2156e-02, -8.7646e-02,  3.7872e-02, -1.1719e-01, -5.9265e-02, -4.4922e-02, -1.1002e-02, -1.0590e-02,  7.4463e-02, -3.8971e-02, -1.7468e-01,  3.8055e-02,  1.0449e-01, -3.7811e-02, -9.8450e-02, -2.2583e-01, -3.7476e-02, -4.5502e-02,
         1.0101e-01,  2.8580e-02, -8.3130e-02,  2.2324e-02,  2.3303e-01,  7.7698e-02, -9.4116e-02,  2.3346e-02,  1.0779e-01,  7.3303e-02,  8.6304e-02,  1.1914e-01,  8.7830e-02, -2.9785e-02, -4.0283e-02,  3.4428e-03, -2.1802e-01,  2.9716e-03, -1.1444e-02, -5.0873e-02,  8.1940e-03,  1.5796e-01,  5.1483e-02, -1.1481e-01,
        -1.5186e-01, -1.2646e-01, -1.3412e-02,  2.0874e-01,  4.5319e-02,  8.2947e-02, -4.4373e-02, -6.3538e-02, -1.1804e-01,  3.8361e-02, -1.7651e-01,  3.8422e-02, -5.2147e-03, -1.0980e-01,  3.8727e-02,  9.1919e-02, -1.0750e-02, -1.3892e-01, -8.4610e-03, -8.9905e-02,  1.3123e-01, -3.1982e-02, -6.5002e-03,  1.4105e-03,
        -2.0714e-03, -1.5369e-01, -2.4048e-01,  1.8176e-01,  6.2225e-02,  2.2205e-01, -1.6870e-01,  2.6352e-02, -1.7715e-02, -1.2366e-01, -1.4209e-01, -6.4819e-02,  2.0508e-02, -2.1240e-01,  2.9621e-03, -1.6553e-01, -1.3806e-01,  2.7832e-02,  1.6931e-01, -4.9927e-02, -2.6642e-02,  4.1229e-02, -9.5764e-02,  1.3391e-01,
        -1.7236e-01, -1.5778e-02, -3.6963e-01, -1.9971e-01, -6.2195e-02,  1.4697e-01,  3.2867e-02,  1.8481e-01, -1.0358e-01, -1.2708e-01, -5.6183e-02, -4.2664e-02,  7.0862e-02, -2.5909e-02,  6.4819e-02,  3.0746e-02,  1.7432e-01,  1.1475e-01, -8.0322e-02,  6.5796e-02,  1.0852e-01,  9.0576e-02, -2.2964e-03, -6.2988e-02,
        -3.9215e-03,  1.6028e-01,  2.1172e-04,  1.8689e-01, -1.5234e-01, -6.3171e-02,  5.9052e-02,  1.2390e-02])
