Weights Information:
# weights ver.2

Model Path: best.pt
Model Generated Time:   24-06-04, 20:02

Layer: model.18.cv2.bn.bias | Size: torch.Size([128])
tensor([-1.2959, -0.8833, -0.2354,  0.1003, -0.7705, -0.2839, -1.0918, -0.5767, -0.3718, -0.9883, -0.9360, -0.5161,  0.9585, -0.8608,  0.3552, -1.2354, -1.0557, -0.5835, -0.4436,  0.9165, -1.1992, -0.4419,  1.3770, -1.1182,  1.3594, -0.7861, -0.6704, -0.7134,  0.5063, -0.8550, -0.7798, -2.4473, -0.0074, -0.0729,
        -0.1880, -0.3020,  0.0040, -1.2725, -0.4131,  0.1354, -1.5674, -0.2920, -1.1982, -0.3918,  0.1649,  0.7861, -0.4673,  1.8896, -0.5771, -0.4250, -0.6089,  0.5474,  0.0378, -0.3770, -0.6509, -1.0010, -1.0273, -0.2974, -1.4238,  0.6313, -0.1034, -0.2717, -1.5908, -0.9707, -0.3411, -0.4827, -0.9258, -0.3430,
        -0.0972, -0.6460, -0.1199, -0.5142, -1.1758, -1.0664, -1.2178,  0.7603,  0.1591,  0.2244, -0.4707, -0.0931, -0.9771, -1.0645, -0.7334, -0.0107, -0.5825, -0.3042,  0.6997, -0.9365, -0.8208, -0.1053, -0.0506, -0.2544, -0.4431, -1.0225, -0.1487,  0.8071, -2.1113, -3.0879, -1.6338, -0.4648, -2.0449, -0.5562,
        -0.0511,  0.1816,  0.0075, -1.0771, -0.4802, -0.4404, -0.5493, -1.0293, -0.0624,  0.4250,  0.2952, -0.3958, -0.8291,  0.7964, -0.1328, -0.6211, -0.4524, -1.3730, -0.5781,  1.4062, -0.5317,  0.2054, -0.9912,  0.7104,  0.7188, -0.8247])
