Weights Information:
# weights ver.2

Model Path: best.pt
Model Generated Time:   24-06-04, 20:02

Layer: model.8.m.0.cv2.bn.weight | Size: torch.Size([128])
tensor([1.6104, 1.8486, 1.5947, 1.7061, 1.5811, 1.5293, 1.5098, 2.2754, 1.7510, 1.6436, 1.6768, 1.0469, 1.8916, 1.6973, 3.4609, 1.5889, 1.7041, 1.7461, 1.6543, 1.4746, 1.3691, 1.6465, 1.5605, 1.3135, 1.4062, 1.4824, 1.4209, 1.1875, 1.1738, 1.6777, 1.4932, 2.6367, 1.4375, 1.3369, 1.4541, 1.5752, 1.5518, 1.2959, 1.4170,
        1.7178, 2.1523, 1.2881, 1.7637, 1.3818, 1.2676, 1.1885, 1.6943, 1.9863, 1.3770, 1.9688, 1.4541, 1.8428, 1.7461, 1.3896, 2.3848, 1.4062, 2.6016, 1.9170, 1.5723, 1.6152, 3.4199, 1.4951, 1.9668, 1.8271, 1.6230, 1.6709, 1.3809, 1.9121, 1.5293, 1.4580, 1.7607, 1.2432, 1.6123, 2.1738, 1.4336, 1.4434, 1.4668, 1.5635,
        1.7471, 1.6035, 1.8398, 1.4434, 2.1152, 1.4941, 1.8174, 1.1377, 1.7666, 1.3135, 1.5049, 1.3750, 1.6162, 1.4727, 1.7744, 1.4336, 1.4766, 1.1416, 1.9570, 1.9277, 1.3750, 1.3711, 1.5889, 1.2500, 1.4561, 2.1602, 1.3682, 1.9199, 1.5195, 1.8330, 2.5957, 1.8164, 1.4004, 1.6650, 1.2197, 1.5264, 1.6221, 1.5420, 1.8145,
        1.5889, 1.4111, 1.3564, 1.5752, 2.0156, 1.7842, 1.4062, 1.8398, 1.5830, 1.6533, 1.6270])
