Weights Information:
# weights ver.2

Model Path: best.pt
Model Generated Time:   24-06-04, 20:02

Layer: model.12.cv1.bn.bias | Size: torch.Size([128])
tensor([-9.8242e-01, -6.2141e-03, -9.0918e-01, -1.3994e+00, -4.4751e-01, -2.1692e-01,  3.4180e-02,  3.3545e-01, -3.4229e-01,  4.2969e-01, -9.6484e-01, -4.4385e-01, -1.6904e+00, -1.4600e+00, -2.6123e-01,  5.0049e-01, -1.3599e-01, -9.4580e-01, -1.8428e+00,  2.1118e-01, -1.1584e-01, -4.8218e-01,  8.5449e-01, -1.6016e+00,
        -9.7949e-01, -1.5771e-01,  5.1074e-01, -2.6741e-03, -9.2969e-01, -1.2589e-03, -7.9785e-01, -2.5049e-01, -1.6768e+00,  1.7542e-01, -9.3701e-01, -1.0752e+00, -2.3560e-02,  4.6484e-01, -7.4902e-01,  5.4395e-01, -3.9331e-01, -9.1406e-01, -1.3086e+00, -1.2266e+00, -6.8555e-01, -3.5156e-01,  2.3438e-02,  5.3564e-01,
        -7.8906e-01, -6.2158e-01, -3.3478e-02, -6.7993e-02,  2.5537e-01, -2.3169e-01,  3.7109e-01, -9.9902e-01, -3.5107e-01,  2.5708e-01, -2.0093e-01, -1.3818e+00, -7.2266e-01,  1.1309e+00,  9.3262e-02, -8.1641e-01, -6.6357e-01, -1.5127e+00, -4.5166e-01, -8.9209e-01, -1.2705e+00, -1.1650e+00,  2.0898e+00, -1.5674e+00,
        -9.3262e-02,  1.5586e+00, -1.3428e+00, -1.9580e+00,  7.7832e-01, -2.6196e-01, -1.2090e+00, -3.4790e-01, -8.3691e-01, -1.4277e+00, -1.7451e+00,  1.4219e+00, -1.3555e+00, -4.3750e-01,  1.1475e-01, -4.7028e-02, -5.2197e-01,  1.0625e+00,  1.4880e-01,  4.0112e-01, -6.1133e-01,  1.0474e-01, -2.2302e-01, -1.0693e+00,
        -1.4600e-01, -1.6738e+00, -1.5898e+00, -1.8433e-01, -1.4971e+00,  5.8057e-01, -1.1554e-01, -6.3281e-01, -3.4399e-01, -1.3340e+00, -8.0109e-03,  3.1055e-01,  1.3037e+00, -6.0254e-01, -2.2324e-02,  1.4609e+00, -4.7461e-01, -3.4863e-01, -1.6709e+00,  1.4209e+00, -5.3125e-01, -1.7490e+00,  8.4045e-02,  3.7305e-01,
        -1.0625e+00, -2.4734e-02,  3.4668e-01,  1.0742e+00, -2.2327e-01,  1.2451e-01, -8.6133e-01,  1.1761e-01])
