Weights Information:
# weights ver.2

Model Path: best.pt
Model Generated Time:   24-06-04, 20:02

Layer: model.22.cv3.0.1.bn.running_mean | Size: torch.Size([64])
tensor([-6.1676e-02, -1.6931e-01, -4.3640e-02, -6.5918e-02,  1.1658e-01, -5.5450e-02, -8.7830e-02,  5.0781e-02,  3.9673e-02, -8.8013e-02,  8.2016e-03,  1.9493e-03,  6.2988e-02, -2.4628e-02, -3.5370e-02,  1.6150e-01,  8.0505e-02,  7.5500e-02, -4.2938e-02,  9.6863e-02,  1.5900e-02, -1.1932e-01,  1.9943e-02, -1.0117e-02,
        -3.1586e-03, -2.2595e-01, -1.3928e-01, -5.9570e-02,  6.7078e-02, -1.0431e-01, -1.1914e-01,  7.1289e-02, -8.8745e-02, -2.2006e-04,  5.5328e-02, -2.4780e-01, -5.3345e-02, -1.0406e-01,  9.6924e-02, -6.5491e-02, -8.3374e-02, -9.2163e-02, -1.3565e-02,  4.1260e-02, -7.4158e-02, -5.1155e-03,  3.0228e-02,  7.6904e-02,
        -9.2346e-02, -1.3535e-02, -1.2634e-01,  4.9835e-02,  1.1574e-02,  1.7685e-02, -1.1584e-01,  6.5880e-03, -6.8909e-02, -9.5703e-02, -8.3069e-02,  1.2231e-01,  4.7882e-02, -2.9404e-02,  1.5942e-01, -6.4392e-02])
