Weights Information:
# weights ver.2

Model Path: best.pt
Model Generated Time:   24-06-04, 20:02

Layer: model.8.m.0.cv1.bn.bias | Size: torch.Size([128])
tensor([-1.9033e+00, -6.8115e-01, -1.6895e-01, -3.3545e-01, -4.4897e-01, -1.3984e+00, -2.3450e-01, -4.9390e-01, -1.9219e+00, -1.6387e+00, -8.2910e-01, -1.6104e+00, -8.9648e-01, -1.4717e+00, -5.5713e-01, -9.3848e-01, -1.6738e+00, -4.0576e-01, -2.5903e-01, -7.6953e-01, -1.7773e+00,  1.1102e-01,  1.5479e-01, -9.8682e-01,
        -1.7109e+00, -1.5857e-01, -3.2617e-01, -2.8122e-02, -5.6445e-01, -1.0068e+00, -7.9639e-01, -1.1951e-01, -3.3228e-01, -3.9697e-01,  8.6572e-01, -1.5664e+00, -4.4751e-01, -6.7383e-01, -7.9932e-01, -5.3809e-01, -1.1348e+00, -1.7197e+00, -8.4912e-01,  3.8208e-01, -1.4734e-01, -2.3462e-01, -3.6353e-01, -1.2988e+00,
        -1.2305e+00, -4.1162e-01, -4.8633e-01, -1.5537e+00, -1.3740e+00, -1.3652e+00, -5.1709e-01, -1.2109e+00, -2.1738e+00, -7.5439e-01,  2.2715e+00, -5.4565e-02, -1.6719e+00,  1.2225e-01,  8.2373e-01, -1.4629e+00, -1.8516e+00, -4.7656e-01, -1.2402e+00, -1.5371e+00, -1.2217e+00,  3.5767e-01, -1.0391e+00, -1.3359e+00,
        -2.3496e+00, -1.3262e+00, -1.9531e+00, -4.6692e-02, -1.0557e+00, -6.5088e-01, -9.0576e-02,  4.5959e-02, -5.1611e-01, -7.5342e-01, -1.6687e-01, -8.1055e-01, -1.6785e-01, -3.3179e-01, -7.1045e-01, -1.0156e+00, -4.2139e-01, -5.9814e-01, -1.4294e-01, -1.5918e+00, -2.2988e+00, -1.8789e+00, -2.1797e+00, -2.7344e-01,
        -9.8926e-01, -8.9893e-01, -1.4766e+00, -3.9209e-01, -1.0127e+00, -1.5566e+00, -1.5664e+00, -6.0645e-01, -1.0303e+00, -9.7754e-01, -6.1279e-01,  1.3361e-03, -7.4158e-03, -8.8428e-01, -1.6309e-01, -9.6777e-01, -5.7812e-01, -5.0586e-01, -5.5811e-01, -5.5127e-01, -1.1348e+00, -1.4434e+00, -3.5962e-01, -3.4326e-01,
        -7.4316e-01, -2.3789e+00, -1.5977e+00, -1.2666e+00, -1.1738e+00, -4.9512e-01, -1.5938e+00, -1.5400e+00])
