Weights Information:
# weights ver.2

Model Path: best.pt
Model Generated Time:   24-06-04, 20:02

Layer: model.18.cv1.bn.running_mean | Size: torch.Size([128])
tensor([-0.1575, -0.0052,  0.1534,  0.2306,  0.1176,  0.0211,  0.2600,  0.1708,  0.0554, -0.0200,  0.0927, -0.1445, -0.0103, -0.0824, -0.0169,  0.0145,  0.1624,  0.0109,  0.0155,  0.2349,  0.0281,  0.0585, -0.0203, -0.0373, -0.0409, -0.1190,  0.1302,  0.2454,  0.0295,  0.0396,  0.0572,  0.1055,  0.1724,  0.0822,
         0.0474, -0.0011, -0.0417,  0.1255, -0.0548, -0.0527,  0.0758,  0.0847,  0.0643,  0.1075, -0.0227,  0.2053,  0.1403,  0.0646,  0.0296, -0.0369,  0.1048,  0.0301,  0.0868,  0.0554,  0.0136, -0.0211, -0.0714,  0.0825, -0.0122, -0.0031, -0.0053,  0.0428,  0.2203, -0.0271,  0.2494,  0.0243, -0.0238, -0.0561,
        -0.0934,  0.2161, -0.1068, -0.0026, -0.0376, -0.0452, -0.1333, -0.0116,  0.0788, -0.1847, -0.2097, -0.0720, -0.1031, -0.2168, -0.0125, -0.1979, -0.0093,  0.0638,  0.0279,  0.0375, -0.0170, -0.0161, -0.1044,  0.0717,  0.0050, -0.1036, -0.0352,  0.0448, -0.1460, -0.1550,  0.0739,  0.0507, -0.0394, -0.1768,
         0.3584, -0.0631, -0.0165, -0.0580,  0.0053,  0.2688,  0.0088, -0.1221, -0.0043, -0.0222, -0.1482, -0.0318, -0.1070, -0.1071, -0.1815, -0.0097,  0.0204, -0.1284, -0.1113, -0.0407, -0.1111,  0.1166, -0.0921,  0.1531, -0.0643,  0.0374])
