Weights Information:
# weights ver.2

Model Path: best.pt
Model Generated Time:   24-06-04, 20:02

Layer: model.12.cv1.bn.running_var | Size: torch.Size([128])
tensor([0.0224, 0.0111, 0.0147, 0.0097, 0.0238, 0.0180, 0.0146, 0.0091, 0.0095, 0.0151, 0.0128, 0.0129, 0.0141, 0.0156, 0.0109, 0.0124, 0.0161, 0.0136, 0.0102, 0.0182, 0.0181, 0.0103, 0.0160, 0.0100, 0.0100, 0.0133, 0.0265, 0.0107, 0.0098, 0.0124, 0.0156, 0.0095, 0.0139, 0.0226, 0.0180, 0.0133, 0.0098, 0.0267, 0.0138,
        0.0089, 0.0182, 0.0142, 0.0126, 0.0135, 0.0164, 0.0096, 0.0149, 0.0112, 0.0118, 0.0112, 0.0096, 0.0123, 0.0107, 0.0171, 0.0113, 0.0113, 0.0104, 0.0153, 0.0166, 0.0113, 0.0112, 0.0192, 0.0153, 0.0145, 0.0263, 0.0161, 0.0239, 0.0297, 0.0202, 0.0177, 0.0441, 0.0224, 0.0269, 0.0427, 0.0185, 0.0210, 0.0249, 0.0300,
        0.0176, 0.0470, 0.0175, 0.0202, 0.0152, 0.0280, 0.0150, 0.0249, 0.0425, 0.0233, 0.0191, 0.0364, 0.0616, 0.0269, 0.0177, 0.0363, 0.0309, 0.0238, 0.0260, 0.0143, 0.0193, 0.0175, 0.0122, 0.0340, 0.0157, 0.0193, 0.0287, 0.0177, 0.0252, 0.0445, 0.0312, 0.0245, 0.0302, 0.0416, 0.0251, 0.0224, 0.0241, 0.0434, 0.0611,
        0.0141, 0.0257, 0.0257, 0.0246, 0.0215, 0.0241, 0.0357, 0.0242, 0.0190, 0.0159, 0.0277])
