Weights Information:
# weights ver.2

Model Path: best.pt
Model Generated Time:   24-06-04, 20:02

Layer: model.0.conv.weight | Size: torch.Size([16, 3, 3, 3])
tensor([[[[-1.1566e-01, -1.1086e-02,  1.0645e-01],
          [-3.6865e-01,  3.2867e-02,  3.8696e-01],
          [-3.3765e-01, -1.4236e-02,  3.1152e-01]],

         [[-1.4404e-01,  7.9727e-03,  1.5039e-01],
          [-4.9194e-01,  2.6062e-02,  4.5825e-01],
          [-3.7451e-01, -4.6577e-03,  3.4619e-01]],

         [[-5.0720e-02, -1.5793e-02,  2.3987e-02],
          [-2.1460e-01,  3.1982e-02,  1.9287e-01],
          [-1.5442e-01,  3.0167e-02,  1.5552e-01]]],


        [[[ 1.4023e-02,  2.0508e-02,  9.8190e-03],
          [-9.5749e-04, -2.2446e-02,  4.4746e-03],
          [-1.5327e-02, -1.3989e-01, -1.5839e-02]],

         [[-9.5215e-03,  1.1971e-02,  7.1001e-04],
          [-7.4539e-03, -2.7344e-02, -6.2408e-03],
          [-2.0950e-02, -1.4087e-01, -2.2675e-02]],

         [[-2.8172e-03,  3.2520e-03, -4.7379e-03],
          [ 2.6245e-03, -9.4681e-03,  5.1308e-03],
          [ 9.4681e-03, -6.2286e-02,  1.7563e-02]]],


        [[[-8.1024e-03, -8.1177e-02, -2.9709e-02],
          [-1.2244e-01, -2.6636e-01, -2.0532e-01],
          [-1.0352e-01, -2.3584e-01, -1.9714e-01]],

         [[ 1.3039e-02,  3.7323e-02,  2.2720e-02],
          [ 4.5319e-02,  7.9102e-02,  6.6711e-02],
          [ 3.3691e-02,  5.5389e-02,  5.2155e-02]],

         [[ 3.3588e-03,  5.4901e-02,  9.0866e-03],
          [ 8.2642e-02,  1.9788e-01,  1.3770e-01],
          [ 7.7148e-02,  1.8066e-01,  1.4648e-01]]],


        [[[ 1.5405e-01,  4.1211e-01,  3.0103e-01],
          [-2.7905e-03, -9.2850e-03, -6.8130e-03],
          [-1.1774e-01, -4.2017e-01, -2.8320e-01]],

         [[ 1.9336e-01,  4.8804e-01,  3.5083e-01],
          [-3.9978e-03, -4.5685e-02, -8.7891e-03],
          [-1.3660e-01, -5.0586e-01, -3.3057e-01]],

         [[ 4.2328e-02,  1.9043e-01,  1.2115e-01],
          [-4.2191e-03, -1.4145e-02,  3.7613e-03],
          [-3.0090e-02, -2.1436e-01, -1.0907e-01]]],


        [[[ 7.0740e-02, -4.3945e-02, -3.9398e-02],
          [ 1.4917e-01, -1.3013e-01,  4.3121e-02],
          [ 2.7512e-02, -1.5698e-01,  7.5623e-02]],

         [[ 1.2988e-01, -6.6406e-02, -5.5817e-02],
          [ 1.7969e-01, -1.8115e-01,  4.4556e-02],
          [ 2.8961e-02, -1.7395e-01,  1.0339e-01]],

         [[ 2.2446e-02, -8.4610e-03, -1.6724e-02],
          [ 6.7810e-02, -5.0690e-02,  1.7090e-02],
          [ 3.8013e-03, -5.9998e-02,  2.4963e-02]]],


        [[[ 2.6932e-02,  8.3862e-02,  3.1830e-02],
          [ 1.2109e-01,  2.9199e-01,  2.2876e-01],
          [ 6.4880e-02,  2.1362e-01,  1.8164e-01]],

         [[-2.4662e-03, -5.8197e-02, -2.2079e-02],
          [-7.0129e-02, -1.6663e-01, -1.1316e-01],
          [-3.6377e-02, -1.2427e-01, -8.0872e-02]],

         [[-2.1027e-02, -2.4628e-02, -7.6752e-03],
          [-5.9937e-02, -1.3672e-01, -1.1963e-01],
          [-4.2297e-02, -1.2500e-01, -1.0522e-01]]],


        [[[-3.9703e-02, -1.1218e-01,  1.1420e-01],
          [ 1.2375e-02, -1.1462e-01,  1.5088e-01],
          [ 9.1248e-02, -7.8369e-02, -1.4915e-02]],

         [[-9.3445e-02, -1.4929e-01,  1.8384e-01],
          [ 1.6800e-02, -1.5051e-01,  1.9495e-01],
          [ 1.1975e-01, -9.8083e-02, -4.1443e-02]],

         [[-1.5625e-02, -4.8004e-02,  5.6274e-02],
          [-7.4844e-03, -4.0924e-02,  6.4941e-02],
          [ 2.3026e-02, -4.1107e-02, -8.2474e-03]]],


        [[[-3.3905e-02, -4.9469e-02, -6.6147e-03],
          [-3.8666e-02, -7.9712e-02,  2.0432e-02],
          [-4.0436e-02, -3.0182e-02, -9.1629e-03]],

         [[-6.2981e-03, -4.1046e-02, -1.5366e-02],
          [-3.3905e-02, -9.8328e-02, -3.6383e-04],
          [-2.4521e-02, -4.0527e-02, -8.9417e-03]],

         [[ 3.7746e-03,  6.1836e-03, -1.8326e-02],
          [-1.0780e-02, -3.1647e-02, -7.3280e-03],
          [-1.8501e-03,  5.9738e-03, -9.7809e-03]]],


        [[[-1.7847e-01, -4.2822e-01, -2.5464e-01],
          [-4.3152e-02, -5.8533e-02, -1.4107e-02],
          [ 2.0801e-01,  4.5923e-01,  3.4326e-01]],

         [[-1.9299e-01, -4.9585e-01, -2.8394e-01],
          [-3.7903e-02, -6.4453e-02, -8.2169e-03],
          [ 2.1533e-01,  4.8389e-01,  3.7012e-01]],

         [[-5.5054e-02, -2.3975e-01, -1.0974e-01],
          [-3.1082e-02, -5.5084e-02, -1.7761e-02],
          [ 9.6924e-02,  2.4805e-01,  1.6724e-01]]],


        [[[ 1.3562e-01,  1.4197e-01,  4.0070e-02],
          [ 1.3074e-01,  1.5576e-01,  1.8539e-02],
          [ 3.7842e-02,  1.6983e-02, -8.0200e-02]],

         [[-1.5625e-01, -2.6221e-01, -1.3806e-01],
          [-2.3645e-01, -3.3008e-01, -1.8005e-01],
          [-1.1115e-01, -1.9690e-01, -7.3120e-02]],

         [[ 7.1983e-03,  1.1267e-01,  6.9946e-02],
          [ 7.0801e-02,  2.3169e-01,  1.7346e-01],
          [ 4.8676e-02,  1.8665e-01,  1.5332e-01]]],


        [[[ 4.8706e-02, -7.9155e-04,  1.3214e-02],
          [ 2.4124e-02, -9.5154e-02, -1.6138e-01],
          [ 5.6610e-02,  2.4292e-02,  5.9937e-02]],

         [[ 7.3624e-03,  1.4999e-02,  9.6130e-03],
          [ 2.3239e-02, -1.8509e-02, -7.2083e-02],
          [-1.0042e-03, -9.5291e-03, -2.7023e-02]],

         [[-5.4230e-02, -1.7487e-02, -7.3059e-02],
          [-1.2177e-02,  8.8120e-03, -5.5878e-02],
          [-4.2938e-02, -9.1019e-03, -6.9458e-02]]],


        [[[ 8.2092e-02,  1.2610e-01,  1.0602e-01],
          [-1.2695e-01, -3.2104e-01, -1.4685e-01],
          [ 6.1279e-02,  1.0394e-01,  1.1993e-01]],

         [[ 1.2024e-01,  1.4856e-01,  1.4832e-01],
          [-1.8921e-01, -4.4775e-01, -2.0312e-01],
          [ 1.0565e-01,  1.3977e-01,  1.6040e-01]],

         [[ 3.9215e-02,  7.3364e-02,  4.2236e-02],
          [-6.3232e-02, -1.6431e-01, -7.1350e-02],
          [ 3.4119e-02,  6.7749e-02,  6.1646e-02]]],


        [[[-1.2573e-01, -2.0447e-01, -1.3989e-01],
          [ 1.6736e-01,  3.2446e-01,  2.0813e-01],
          [-4.6814e-02, -1.2976e-01, -6.4087e-02]],

         [[-3.6896e-02, -1.2457e-01, -5.1880e-02],
          [ 1.7542e-01,  3.3936e-01,  2.0825e-01],
          [-1.2030e-01, -2.1948e-01, -1.5613e-01]],

         [[-5.7648e-02, -1.0577e-01, -6.6406e-02],
          [ 7.3181e-02,  1.5442e-01,  9.2102e-02],
          [-3.6621e-03, -6.2225e-02, -2.1057e-02]]],


        [[[ 1.1273e-01, -4.2610e-03, -1.1993e-01],
          [ 3.8867e-01,  3.9185e-02, -4.1943e-01],
          [ 3.4741e-01,  1.7715e-02, -3.6084e-01]],

         [[ 1.4392e-01,  4.3030e-03, -1.3281e-01],
          [ 4.4800e-01,  1.4099e-02, -5.1074e-01],
          [ 3.5986e-01,  3.5522e-02, -3.8159e-01]],

         [[ 2.7344e-02, -8.0490e-03, -4.9896e-02],
          [ 2.0374e-01,  2.3041e-02, -2.3743e-01],
          [ 1.7664e-01,  4.4464e-02, -1.5930e-01]]],


        [[[-5.0873e-02, -6.0242e-02, -4.7913e-02],
          [-2.8824e-02,  3.8116e-02,  7.5806e-02],
          [ 3.7169e-04,  9.5276e-02,  1.2512e-01]],

         [[-2.6855e-02, -6.3538e-02, -3.7140e-02],
          [-2.6764e-02,  1.1002e-02,  5.6091e-02],
          [ 1.3550e-02,  1.0181e-01,  1.4453e-01]],

         [[ 2.8275e-02, -1.2856e-02, -1.1856e-02],
          [-1.3954e-02,  1.0490e-02,  2.2110e-02],
          [-3.6499e-02,  2.0660e-02,  1.9318e-02]]],


        [[[-3.4027e-02, -6.9946e-02, -5.7770e-02],
          [-7.5256e-02, -8.1543e-02, -7.4646e-02],
          [-6.3110e-02, -9.2590e-02, -9.5886e-02]],

         [[ 1.7017e-01,  2.1826e-01,  1.0858e-01],
          [ 2.4536e-01,  3.4448e-01,  1.6748e-01],
          [ 1.6260e-01,  2.0654e-01,  8.3618e-02]],

         [[-1.5442e-01, -1.4685e-01, -6.8481e-02],
          [-2.0715e-01, -1.9128e-01, -8.7463e-02],
          [-1.0925e-01, -9.0210e-02,  1.0681e-02]]]])
