Weights Information:
# weights ver.2

Model Path: best.pt
Model Generated Time:   24-06-04, 20:02

Layer: model.12.m.0.cv1.bn.bias | Size: torch.Size([64])
tensor([ 4.1699e-01, -1.0146e+00, -2.3083e-01, -3.6963e-01, -1.3696e-01, -1.0400e+00, -2.9492e-01, -6.4258e-01, -7.2168e-01, -1.0713e+00, -1.7988e+00, -7.2803e-01, -7.6758e-01, -1.3984e+00, -4.6875e-01, -6.5186e-02, -1.9014e+00, -7.7881e-01, -6.7725e-01, -1.4961e+00, -1.3691e+00, -1.2783e+00, -7.6172e-01, -1.3262e+00,
        -1.0449e+00, -7.2949e-01, -5.7031e-01, -8.8037e-01, -6.0938e-01,  8.3252e-02, -1.5537e+00, -3.5474e-01, -6.8262e-01, -2.3066e+00, -1.1084e+00, -3.6670e-01, -9.8486e-01, -7.1387e-01, -3.9062e-01, -1.6826e+00,  2.0733e-03, -1.9727e+00, -1.5723e+00, -3.7573e-01, -9.6387e-01, -1.5796e-01, -8.7500e-01, -8.1396e-01,
        -7.2632e-02, -1.3369e+00, -7.7734e-01, -7.6318e-01, -1.1309e+00, -1.5420e+00, -2.6587e-01, -1.0358e-01, -1.3096e+00, -2.7637e-01,  9.6863e-02, -4.9023e-01, -2.2734e+00, -4.0991e-01, -3.8916e-01, -2.0039e+00])
