Weights Information:
# weights ver.2

Model Path: best.pt
Model Generated Time:   24-06-04, 20:02

Layer: model.6.cv1.bn.running_mean | Size: torch.Size([128])
tensor([-2.0496e-01, -1.8726e-01,  2.4353e-01, -3.5645e-02,  1.1377e-01, -3.2166e-02, -1.3269e-01, -7.6477e-02,  2.5781e-01, -1.2451e-01, -9.5642e-02,  4.3530e-01,  7.0877e-03, -3.4424e-01,  4.5896e-06,  4.0009e-02,  1.4197e-01,  8.3374e-02,  2.5253e-02, -1.0126e-01, -7.0007e-02, -2.3718e-01,  9.9976e-02, -6.1249e-02,
         4.2786e-02, -9.7900e-02,  1.6553e-01,  1.2321e-02,  1.6638e-01, -6.6414e-03, -2.4963e-01,  1.9971e-01, -1.5210e-01, -1.6992e-01, -1.4661e-01,  1.8661e-02, -1.9458e-01,  1.1322e-01, -1.1055e-02, -2.4487e-01, -1.6748e-01, -1.1273e-01, -1.9836e-02, -2.3401e-01, -1.1139e-01, -1.5717e-02,  7.9407e-02, -1.3110e-01,
        -6.4026e-02, -2.6459e-02,  1.5051e-01, -2.0117e-01, -9.4414e-04, -4.0576e-01,  8.3496e-02, -1.0004e-01,  6.3599e-02, -4.0985e-02,  8.6975e-02,  3.0396e-02, -1.1981e-01, -1.8909e-01, -9.5886e-02,  1.3062e-01, -2.8711e-01, -9.9487e-02, -1.1298e-01, -1.3770e-01,  2.8467e-01,  2.4646e-01,  2.0789e-01, -7.0557e-02,
        -1.3171e-01, -2.0691e-01,  4.0375e-02,  8.3618e-02, -2.2205e-01,  1.4893e-01, -3.8025e-02,  3.0231e-03,  2.1118e-02, -3.9233e-01, -1.9238e-01,  7.6218e-03, -7.9712e-02, -1.9946e-01, -4.0967e-01,  2.6343e-01, -5.9387e-02, -3.2837e-01,  1.7920e-01, -5.5603e-02,  1.4111e-01, -1.2415e-01, -1.0730e-01, -2.0520e-01,
        -1.1578e-01,  3.4885e-03, -1.2384e-01, -1.0474e-01,  1.6479e-02,  1.7786e-01,  3.0542e-01, -1.6235e-01,  4.0344e-02, -3.6102e-02,  4.6600e-02,  3.5767e-02,  1.0339e-01, -1.1310e-01, -3.9917e-02, -2.8877e-03, -2.5806e-01,  3.6450e-01, -2.1191e-01,  7.9895e-02, -2.0679e-01,  1.1884e-01,  1.0754e-01, -1.8250e-01,
        -2.1289e-01, -3.8013e-01, -2.8809e-01, -1.8784e-02, -1.0266e-01, -2.4078e-02, -1.8311e-01, -6.7383e-02])
