Weights Information:
# weights ver.2

Model Path: best.pt
Model Generated Time:   24-06-04, 20:02

Layer: model.19.bn.running_var | Size: torch.Size([128])
tensor([0.0170, 0.0453, 0.0151, 0.0511, 0.0224, 0.0345, 0.0219, 0.0286, 0.0466, 0.0263, 0.0345, 0.0153, 0.0120, 0.0164, 0.0159, 0.0136, 0.0310, 0.0135, 0.0252, 0.0266, 0.0226, 0.0229, 0.0198, 0.0209, 0.0104, 0.0389, 0.0278, 0.0104, 0.0436, 0.0096, 0.0460, 0.0194, 0.0160, 0.0189, 0.0296, 0.0155, 0.0164, 0.0215, 0.0268,
        0.0078, 0.0183, 0.0133, 0.0202, 0.0136, 0.0191, 0.0217, 0.0275, 0.0340, 0.0142, 0.0104, 0.0166, 0.0143, 0.0130, 0.0315, 0.0147, 0.0271, 0.0194, 0.0159, 0.0210, 0.0177, 0.0366, 0.0334, 0.0119, 0.0155, 0.0206, 0.0208, 0.0302, 0.0419, 0.0216, 0.0191, 0.0392, 0.0115, 0.0147, 0.0117, 0.0288, 0.0257, 0.0267, 0.0156,
        0.0127, 0.0323, 0.0202, 0.0129, 0.0317, 0.0334, 0.0645, 0.0290, 0.0223, 0.0206, 0.0127, 0.0222, 0.0297, 0.0105, 0.0150, 0.0140, 0.0437, 0.0137, 0.0165, 0.0274, 0.0279, 0.0143, 0.0168, 0.0335, 0.0211, 0.0355, 0.0604, 0.0167, 0.0278, 0.0212, 0.0096, 0.0291, 0.0168, 0.0219, 0.0607, 0.0116, 0.0169, 0.0268, 0.0079,
        0.0124, 0.0416, 0.0123, 0.0314, 0.0072, 0.0220, 0.0264, 0.0324, 0.0195, 0.0279, 0.0245])
